Sh201700477~NODE~391~covk~107.069~covr~160.23291	ipaH_12:v2:550:700_len_150	100.000	150	0	0	548	697	1	150	2.38e-78	278
Sh201700477~NODE~391~covk~107.069~covr~160.23291	ipaH_11:v2:500:650_len_150	100.000	150	0	0	498	647	1	150	2.38e-78	278
Sh201700477~NODE~391~covk~107.069~covr~160.23291	ipaH_10:v2:450:600_len_150	100.000	150	0	0	448	597	1	150	2.38e-78	278
Sh201700477~NODE~391~covk~107.069~covr~160.23291	ipaH_9:v2:400:550_len_150	100.000	150	0	0	398	547	1	150	2.38e-78	278
Sh201700477~NODE~391~covk~107.069~covr~160.23291	ipaH_8:v2:350:500_len_150	100.000	150	0	0	348	497	1	150	2.38e-78	278
Sh201700477~NODE~391~covk~107.069~covr~160.23291	ipaH_7:v2:300:450_len_150	100.000	150	0	0	298	447	1	150	2.38e-78	278
Sh201700477~NODE~391~covk~107.069~covr~160.23291	ipaH_3:v2:100:250_len_150	100.000	150	0	0	98	247	1	150	2.38e-78	278
Sh201700477~NODE~391~covk~107.069~covr~160.23291	ipaH_2:v2:50:200_len_150	100.000	150	0	0	48	197	1	150	2.38e-78	278
Sh201700477~NODE~391~covk~107.069~covr~160.23291	ipaH_6:v2:250:400_len_150	99.333	150	1	0	248	397	1	150	1.11e-76	272
Sh201700477~NODE~391~covk~107.069~covr~160.23291	ipaH_5:v2:200:350_len_150	99.333	150	1	0	198	347	1	150	1.11e-76	272
Sh201700477~NODE~391~covk~107.069~covr~160.23291	ipaH_4:v2:150:300_len_150	99.333	150	1	0	148	297	1	150	1.11e-76	272
Sh201700477~NODE~391~covk~107.069~covr~160.23291	ipaH_1:v2:0:150_len_150	100.000	147	0	0	1	147	4	150	1.11e-76	272
