Sh201700477~NODE~63~covk~28.096~covr~57.32406	A2_23:1100:1250_len_150	100.000	150	0	0	11	160	150	1	3.84e-74	278
Sh201700477~NODE~63~covk~28.096~covr~57.32406	A2_22:1050:1200_len_150	100.000	150	0	0	61	210	150	1	3.84e-74	278
Sh201700477~NODE~63~covk~28.096~covr~57.32406	A2_21:1000:1150_len_150	100.000	150	0	0	111	260	150	1	3.84e-74	278
Sh201700477~NODE~63~covk~28.096~covr~57.32406	A2_20:950:1100_len_150	100.000	150	0	0	161	310	150	1	3.84e-74	278
Sh201700477~NODE~63~covk~28.096~covr~57.32406	A2_15:700:850_len_150	100.000	150	0	0	471	620	150	1	3.84e-74	278
Sh201700477~NODE~63~covk~28.096~covr~57.32406	A2_14:650:800_len_150	100.000	150	0	0	521	670	150	1	3.84e-74	278
Sh201700477~NODE~63~covk~28.096~covr~57.32406	A2_13:600:750_len_150	100.000	150	0	0	571	720	150	1	3.84e-74	278
Sh201700477~NODE~63~covk~28.096~covr~57.32406	A2_12:550:700_len_150	100.000	150	0	0	621	770	150	1	3.84e-74	278
Sh201700477~NODE~63~covk~28.096~covr~57.32406	A2_11:500:650_len_150	100.000	150	0	0	671	820	150	1	3.84e-74	278
Sh201700477~NODE~63~covk~28.096~covr~57.32406	A2_10:450:600_len_150	100.000	150	0	0	721	870	150	1	3.84e-74	278
Sh201700477~NODE~63~covk~28.096~covr~57.32406	A2_9:400:550_len_150	100.000	150	0	0	771	920	150	1	3.84e-74	278
Sh201700477~NODE~63~covk~28.096~covr~57.32406	A2_8:350:500_len_150	100.000	150	0	0	821	970	150	1	3.84e-74	278
Sh201700477~NODE~63~covk~28.096~covr~57.32406	A2_7:300:450_len_150	100.000	150	0	0	871	1020	150	1	3.84e-74	278
Sh201700477~NODE~63~covk~28.096~covr~57.32406	A2_6:250:400_len_150	100.000	150	0	0	921	1070	150	1	3.84e-74	278
Sh201700477~NODE~63~covk~28.096~covr~57.32406	A2_5:200:350_len_150	100.000	150	0	0	971	1120	150	1	3.84e-74	278
Sh201700477~NODE~63~covk~28.096~covr~57.32406	A2_4:150:300_len_150	100.000	150	0	0	1021	1170	150	1	3.84e-74	278
Sh201700477~NODE~63~covk~28.096~covr~57.32406	A2_3:100:250_len_150	100.000	150	0	0	1071	1220	150	1	3.84e-74	278
Sh201700477~NODE~63~covk~28.096~covr~57.32406	A2_2:50:200_len_150	100.000	150	0	0	1121	1270	150	1	3.84e-74	278
Sh201700477~NODE~63~covk~28.096~covr~57.32406	A2_1:0:150_len_150	100.000	150	0	0	1171	1320	150	1	3.84e-74	278
Sh201700477~NODE~63~covk~28.096~covr~57.32406	A2_16:750:900_len_150	100.000	148	0	0	423	570	148	1	4.96e-73	274
Sh201700477~NODE~324~covk~2.48528~covr~4.97075	A2_55:2700:2850_len_150	100.000	150	0	0	1308	1457	1	150	2.33e-75	278
Sh201700477~NODE~324~covk~2.48528~covr~4.97075	A2_54:2650:2800_len_150	100.000	150	0	0	1258	1407	1	150	2.33e-75	278
Sh201700477~NODE~324~covk~2.48528~covr~4.97075	A2_53:2600:2750_len_150	100.000	150	0	0	1208	1357	1	150	2.33e-75	278
Sh201700477~NODE~324~covk~2.48528~covr~4.97075	A2_52:2550:2700_len_150	100.000	150	0	0	1158	1307	1	150	2.33e-75	278
Sh201700477~NODE~324~covk~2.48528~covr~4.97075	A2_51:2500:2650_len_150	100.000	150	0	0	1108	1257	1	150	2.33e-75	278
Sh201700477~NODE~324~covk~2.48528~covr~4.97075	A2_50:2450:2600_len_150	100.000	150	0	0	1058	1207	1	150	2.33e-75	278
Sh201700477~NODE~324~covk~2.48528~covr~4.97075	A2_49:2400:2550_len_150	100.000	150	0	0	1008	1157	1	150	2.33e-75	278
Sh201700477~NODE~324~covk~2.48528~covr~4.97075	A2_48:2350:2500_len_150	100.000	150	0	0	958	1107	1	150	2.33e-75	278
Sh201700477~NODE~324~covk~2.48528~covr~4.97075	A2_47:2300:2450_len_150	100.000	150	0	0	908	1057	1	150	2.33e-75	278
Sh201700477~NODE~324~covk~2.48528~covr~4.97075	A2_46:2250:2400_len_150	100.000	150	0	0	858	1007	1	150	2.33e-75	278
Sh201700477~NODE~324~covk~2.48528~covr~4.97075	A2_41:2000:2150_len_150	100.000	150	0	0	645	794	1	150	2.33e-75	278
Sh201700477~NODE~324~covk~2.48528~covr~4.97075	A2_40:1950:2100_len_150	100.000	150	0	0	595	744	1	150	2.33e-75	278
Sh201700477~NODE~324~covk~2.48528~covr~4.97075	A2_39:1900:2050_len_150	100.000	150	0	0	545	694	1	150	2.33e-75	278
Sh201700477~NODE~324~covk~2.48528~covr~4.97075	A2_38:1850:2000_len_150	100.000	150	0	0	495	644	1	150	2.33e-75	278
Sh201700477~NODE~324~covk~2.48528~covr~4.97075	A2_37:1800:1950_len_150	100.000	150	0	0	445	594	1	150	2.33e-75	278
Sh201700477~NODE~324~covk~2.48528~covr~4.97075	A2_36:1750:1900_len_150	100.000	150	0	0	395	544	1	150	2.33e-75	278
Sh201700477~NODE~324~covk~2.48528~covr~4.97075	A2_35:1700:1850_len_150	100.000	150	0	0	345	494	1	150	2.33e-75	278
Sh201700477~NODE~324~covk~2.48528~covr~4.97075	A2_34:1650:1800_len_150	100.000	150	0	0	295	444	1	150	2.33e-75	278
Sh201700477~NODE~324~covk~2.48528~covr~4.97075	A2_33:1600:1750_len_150	100.000	150	0	0	245	394	1	150	2.33e-75	278
Sh201700477~NODE~324~covk~2.48528~covr~4.97075	A2_32:1550:1700_len_150	100.000	150	0	0	195	344	1	150	2.33e-75	278
Sh201700477~NODE~324~covk~2.48528~covr~4.97075	A2_31:1500:1650_len_150	100.000	150	0	0	145	294	1	150	2.33e-75	278
Sh201700477~NODE~324~covk~2.48528~covr~4.97075	A2_30:1450:1600_len_150	100.000	150	0	0	95	244	1	150	2.33e-75	278
Sh201700477~NODE~324~covk~2.48528~covr~4.97075	A2_29:1400:1550_len_150	100.000	150	0	0	45	194	1	150	2.33e-75	278
Sh201700477~NODE~324~covk~2.48528~covr~4.97075	A2_45:2200:2350_len_150	99.333	150	1	0	808	957	1	150	1.08e-73	272
Sh201700477~NODE~324~covk~2.48528~covr~4.97075	A2_28:1350:1500_len_150	100.000	144	0	0	1	144	7	150	5.04e-72	267
Sh201700477~NODE~387~covk~1.2069~covr~2.27823	A2_73:3600:3750_len_150	100.000	150	0	0	59	208	150	1	1.17e-75	278
Sh201700477~NODE~387~covk~1.2069~covr~2.27823	A2_72:3550:3700_len_150	100.000	150	0	0	109	258	150	1	1.17e-75	278
Sh201700477~NODE~387~covk~1.2069~covr~2.27823	A2_71:3500:3650_len_150	100.000	150	0	0	159	308	150	1	1.17e-75	278
Sh201700477~NODE~387~covk~1.2069~covr~2.27823	A2_70:3450:3600_len_150	100.000	150	0	0	209	358	150	1	1.17e-75	278
Sh201700477~NODE~387~covk~1.2069~covr~2.27823	A2_69:3400:3550_len_150	100.000	150	0	0	259	408	150	1	1.17e-75	278
Sh201700477~NODE~387~covk~1.2069~covr~2.27823	A2_68:3350:3500_len_150	100.000	150	0	0	309	458	150	1	1.17e-75	278
Sh201700477~NODE~387~covk~1.2069~covr~2.27823	A2_67:3300:3450_len_150	100.000	150	0	0	359	508	150	1	1.17e-75	278
Sh201700477~NODE~387~covk~1.2069~covr~2.27823	A2_66:3250:3400_len_150	100.000	150	0	0	409	558	150	1	1.17e-75	278
Sh201700477~NODE~387~covk~1.2069~covr~2.27823	A2_65:3200:3350_len_150	100.000	150	0	0	459	608	150	1	1.17e-75	278
Sh201700477~NODE~387~covk~1.2069~covr~2.27823	A2_64:3150:3300_len_150	100.000	150	0	0	509	658	150	1	1.17e-75	278
Sh201700477~NODE~387~covk~1.2069~covr~2.27823	A2_63:3100:3250_len_150	100.000	150	0	0	559	708	150	1	1.17e-75	278
Sh201700477~NODE~387~covk~1.2069~covr~2.27823	A2_74:3650:3800_len_150	99.333	150	1	0	9	158	150	1	5.46e-74	272
Sh201700477~NODE~389~covk~1.53323~covr~2.83221	A2_113:5600:5750_len_150	100.000	150	0	0	542	691	1	150	1.16e-75	278
Sh201700477~NODE~389~covk~1.53323~covr~2.83221	A2_112:5550:5700_len_150	100.000	150	0	0	492	641	1	150	1.16e-75	278
Sh201700477~NODE~389~covk~1.53323~covr~2.83221	A2_111:5500:5650_len_150	100.000	150	0	0	442	591	1	150	1.16e-75	278
Sh201700477~NODE~389~covk~1.53323~covr~2.83221	A2_110:5450:5600_len_150	100.000	150	0	0	392	541	1	150	1.16e-75	278
Sh201700477~NODE~389~covk~1.53323~covr~2.83221	A2_109:5400:5550_len_150	100.000	150	0	0	342	491	1	150	1.16e-75	278
Sh201700477~NODE~389~covk~1.53323~covr~2.83221	A2_108:5350:5500_len_150	100.000	150	0	0	292	441	1	150	1.16e-75	278
Sh201700477~NODE~389~covk~1.53323~covr~2.83221	A2_107:5300:5450_len_150	100.000	150	0	0	242	391	1	150	1.16e-75	278
Sh201700477~NODE~389~covk~1.53323~covr~2.83221	A2_106:5250:5400_len_150	100.000	150	0	0	192	341	1	150	1.16e-75	278
Sh201700477~NODE~389~covk~1.53323~covr~2.83221	A2_105:5200:5350_len_150	100.000	150	0	0	142	291	1	150	1.16e-75	278
Sh201700477~NODE~389~covk~1.53323~covr~2.83221	A2_104:5150:5300_len_150	100.000	150	0	0	92	241	1	150	1.16e-75	278
Sh201700477~NODE~389~covk~1.53323~covr~2.83221	A2_103:5100:5250_len_150	100.000	150	0	0	42	191	1	150	1.16e-75	278
Sh201700477~NODE~389~covk~1.53323~covr~2.83221	A2_114:5650:5800_len_150	100.000	148	0	0	592	739	1	148	1.51e-74	274
Sh201700477~NODE~393~covk~1.13831~covr~2.66856	A2_141:7000:7150_len_150	100.000	150	0	0	549	698	1	150	1.11e-75	278
Sh201700477~NODE~393~covk~1.13831~covr~2.66856	A2_135:6700:6850_len_150	100.000	150	0	0	249	398	1	150	1.11e-75	278
Sh201700477~NODE~393~covk~1.13831~covr~2.66856	A2_134:6650:6800_len_150	100.000	150	0	0	199	348	1	150	1.11e-75	278
Sh201700477~NODE~393~covk~1.13831~covr~2.66856	A2_133:6600:6750_len_150	100.000	150	0	0	149	298	1	150	1.11e-75	278
Sh201700477~NODE~393~covk~1.13831~covr~2.66856	A2_140:6950:7100_len_150	99.333	150	1	0	499	648	1	150	5.17e-74	272
Sh201700477~NODE~393~covk~1.13831~covr~2.66856	A2_139:6900:7050_len_150	99.333	150	1	0	449	598	1	150	5.17e-74	272
Sh201700477~NODE~393~covk~1.13831~covr~2.66856	A2_137:6800:6950_len_150	99.333	150	1	0	349	498	1	150	5.17e-74	272
Sh201700477~NODE~393~covk~1.13831~covr~2.66856	A2_136:6750:6900_len_150	99.333	150	1	0	299	448	1	150	5.17e-74	272
Sh201700477~NODE~393~covk~1.13831~covr~2.66856	A2_132:6550:6700_len_150	99.333	150	1	0	99	248	1	150	5.17e-74	272
Sh201700477~NODE~393~covk~1.13831~covr~2.66856	A2_131:6500:6650_len_150	99.333	150	1	0	49	198	1	150	5.17e-74	272
Sh201700477~NODE~393~covk~1.13831~covr~2.66856	A2_138:6850:7000_len_150	98.667	150	2	0	399	548	1	150	2.40e-72	267
Sh201700477~NODE~393~covk~1.13831~covr~2.66856	A2_130:6450:6600_len_150	98.649	148	2	0	1	148	3	150	3.11e-71	263
Sh201700477~NODE~421~covk~1.57759~covr~2.81885	A2_159:7900:8050_len_150	100.000	150	0	0	47	196	150	1	8.44e-76	278
Sh201700477~NODE~421~covk~1.57759~covr~2.81885	A2_158:7850:8000_len_150	100.000	150	0	0	97	246	150	1	8.44e-76	278
Sh201700477~NODE~421~covk~1.57759~covr~2.81885	A2_157:7800:7950_len_150	100.000	150	0	0	147	296	150	1	8.44e-76	278
Sh201700477~NODE~421~covk~1.57759~covr~2.81885	A2_156:7750:7900_len_150	100.000	150	0	0	197	346	150	1	8.44e-76	278
Sh201700477~NODE~421~covk~1.57759~covr~2.81885	A2_155:7700:7850_len_150	100.000	150	0	0	247	396	150	1	8.44e-76	278
Sh201700477~NODE~421~covk~1.57759~covr~2.81885	A2_154:7650:7800_len_150	100.000	150	0	0	297	446	150	1	8.44e-76	278
Sh201700477~NODE~421~covk~1.57759~covr~2.81885	A2_153:7600:7750_len_150	100.000	150	0	0	347	496	150	1	8.44e-76	278
Sh201700477~NODE~421~covk~1.57759~covr~2.81885	A2_160:7950:8100_len_150	100.000	146	0	0	1	146	146	1	1.41e-73	270
Sh201700477~NODE~421~covk~1.57759~covr~2.81885	A2_152:7550:7700_len_150	100.000	145	0	0	397	541	150	6	5.08e-73	268
Sh201700477~NODE~444~covk~1.37931~covr~2.62626	A2_97:4800:4950_len_150	100.000	150	0	0	23	172	150	1	6.09e-76	278
Sh201700477~NODE~444~covk~1.37931~covr~2.62626	A2_96:4750:4900_len_150	100.000	150	0	0	73	222	150	1	6.09e-76	278
Sh201700477~NODE~444~covk~1.37931~covr~2.62626	A2_95:4700:4850_len_150	100.000	150	0	0	123	272	150	1	6.09e-76	278
Sh201700477~NODE~444~covk~1.37931~covr~2.62626	A2_94:4650:4800_len_150	100.000	150	0	0	173	322	150	1	6.09e-76	278
Sh201700477~NODE~444~covk~1.37931~covr~2.62626	A2_93:4600:4750_len_150	100.000	150	0	0	223	372	150	1	6.09e-76	278
Sh201700477~NODE~446~covk~1.03537~covr~1.64691	A2_83:4100:4250_len_150	100.000	150	0	0	230	379	1	150	5.96e-76	278
Sh201700477~NODE~446~covk~1.03537~covr~1.64691	A2_82:4050:4200_len_150	100.000	150	0	0	180	329	1	150	5.96e-76	278
Sh201700477~NODE~446~covk~1.03537~covr~1.64691	A2_81:4000:4150_len_150	100.000	150	0	0	130	279	1	150	5.96e-76	278
Sh201700477~NODE~446~covk~1.03537~covr~1.64691	A2_80:3950:4100_len_150	99.333	150	1	0	80	229	1	150	2.77e-74	272
Sh201700477~NODE~446~covk~1.03537~covr~1.64691	A2_79:3900:4050_len_150	99.333	150	1	0	30	179	1	150	2.77e-74	272
