Sh202000123~NODE~2~covk~46.192964~covr~92.54145	D_39chrom:1900:2050_len_150	100.000	150	0	0	43258	43407	1	150	5.10e-75	278
Sh202000123~NODE~2~covk~46.192964~covr~92.54145	D_38chrom:1850:2000_len_150	100.000	150	0	0	43208	43357	1	150	5.10e-75	278
Sh202000123~NODE~2~covk~46.192964~covr~92.54145	D_37chrom:1800:1950_len_150	100.000	150	0	0	43158	43307	1	150	5.10e-75	278
Sh202000123~NODE~2~covk~46.192964~covr~92.54145	D_36chrom:1750:1900_len_150	100.000	150	0	0	43108	43257	1	150	5.10e-75	278
Sh202000123~NODE~2~covk~46.192964~covr~92.54145	D_32chrom:1550:1700_len_150	100.000	150	0	0	42908	43057	1	150	5.10e-75	278
Sh202000123~NODE~2~covk~46.192964~covr~92.54145	D_31chrom:1500:1650_len_150	100.000	150	0	0	42858	43007	1	150	5.10e-75	278
Sh202000123~NODE~2~covk~46.192964~covr~92.54145	D_30chrom:1450:1600_len_150	100.000	150	0	0	42808	42957	1	150	5.10e-75	278
Sh202000123~NODE~2~covk~46.192964~covr~92.54145	D_29chrom:1400:1550_len_150	100.000	150	0	0	42758	42907	1	150	5.10e-75	278
Sh202000123~NODE~2~covk~46.192964~covr~92.54145	D_28chrom:1350:1500_len_150	100.000	150	0	0	42708	42857	1	150	5.10e-75	278
Sh202000123~NODE~2~covk~46.192964~covr~92.54145	D_27chrom:1300:1450_len_150	100.000	150	0	0	42658	42807	1	150	5.10e-75	278
Sh202000123~NODE~2~covk~46.192964~covr~92.54145	D_26chrom:1250:1400_len_150	100.000	150	0	0	42608	42757	1	150	5.10e-75	278
Sh202000123~NODE~2~covk~46.192964~covr~92.54145	D_25chrom:1200:1350_len_150	100.000	150	0	0	42558	42707	1	150	5.10e-75	278
Sh202000123~NODE~2~covk~46.192964~covr~92.54145	D_24chrom:1150:1300_len_150	100.000	150	0	0	42508	42657	1	150	5.10e-75	278
Sh202000123~NODE~2~covk~46.192964~covr~92.54145	D_23chrom:1100:1250_len_150	100.000	150	0	0	42458	42607	1	150	5.10e-75	278
Sh202000123~NODE~2~covk~46.192964~covr~92.54145	D_22chrom:1050:1200_len_150	100.000	150	0	0	42408	42557	1	150	5.10e-75	278
Sh202000123~NODE~2~covk~46.192964~covr~92.54145	D_21chrom:1000:1150_len_150	100.000	150	0	0	42358	42507	1	150	5.10e-75	278
Sh202000123~NODE~2~covk~46.192964~covr~92.54145	D_20chrom:950:1100_len_150	100.000	150	0	0	42308	42457	1	150	5.10e-75	278
Sh202000123~NODE~2~covk~46.192964~covr~92.54145	D_19chrom:900:1050_len_150	100.000	150	0	0	42258	42407	1	150	5.10e-75	278
Sh202000123~NODE~2~covk~46.192964~covr~92.54145	D_18chrom:850:1000_len_150	100.000	150	0	0	42208	42357	1	150	5.10e-75	278
Sh202000123~NODE~2~covk~46.192964~covr~92.54145	D_17chrom:800:950_len_150	100.000	150	0	0	42158	42307	1	150	5.10e-75	278
Sh202000123~NODE~2~covk~46.192964~covr~92.54145	D_16chrom:750:900_len_150	100.000	150	0	0	42108	42257	1	150	5.10e-75	278
Sh202000123~NODE~2~covk~46.192964~covr~92.54145	D_15chrom:700:850_len_150	100.000	150	0	0	42058	42207	1	150	5.10e-75	278
Sh202000123~NODE~2~covk~46.192964~covr~92.54145	D_14chrom:650:800_len_150	100.000	150	0	0	42008	42157	1	150	5.10e-75	278
Sh202000123~NODE~2~covk~46.192964~covr~92.54145	D_13chrom:600:750_len_150	100.000	150	0	0	41958	42107	1	150	5.10e-75	278
Sh202000123~NODE~2~covk~46.192964~covr~92.54145	D_12chrom:550:700_len_150	100.000	150	0	0	41908	42057	1	150	5.10e-75	278
Sh202000123~NODE~2~covk~46.192964~covr~92.54145	D_11chrom:500:650_len_150	100.000	150	0	0	41858	42007	1	150	5.10e-75	278
Sh202000123~NODE~2~covk~46.192964~covr~92.54145	D_10chrom:450:600_len_150	100.000	150	0	0	41808	41957	1	150	5.10e-75	278
Sh202000123~NODE~2~covk~46.192964~covr~92.54145	D_9chrom:400:550_len_150	100.000	150	0	0	41758	41907	1	150	5.10e-75	278
Sh202000123~NODE~2~covk~46.192964~covr~92.54145	D_8chrom:350:500_len_150	100.000	150	0	0	41708	41857	1	150	5.10e-75	278
Sh202000123~NODE~2~covk~46.192964~covr~92.54145	D_7chrom:300:450_len_150	100.000	150	0	0	41658	41807	1	150	5.10e-75	278
Sh202000123~NODE~2~covk~46.192964~covr~92.54145	D_6chrom:250:400_len_150	100.000	150	0	0	41608	41757	1	150	5.10e-75	278
Sh202000123~NODE~2~covk~46.192964~covr~92.54145	D_5chrom:200:350_len_150	100.000	150	0	0	41558	41707	1	150	5.10e-75	278
Sh202000123~NODE~2~covk~46.192964~covr~92.54145	D_4chrom:150:300_len_150	100.000	150	0	0	41508	41657	1	150	5.10e-75	278
Sh202000123~NODE~2~covk~46.192964~covr~92.54145	D_3chrom:100:250_len_150	100.000	150	0	0	41458	41607	1	150	5.10e-75	278
Sh202000123~NODE~2~covk~46.192964~covr~92.54145	D_2chrom:50:200_len_150	100.000	150	0	0	41408	41557	1	150	5.10e-75	278
Sh202000123~NODE~2~covk~46.192964~covr~92.54145	D_1chrom:0:150_len_150	100.000	150	0	0	41358	41507	1	150	5.10e-75	278
Sh202000123~NODE~293~covk~15.357492~covr~31.46861	D_247plasm:12300:12450_len_150	100.000	150	0	0	2107	2256	1	150	1.95e-76	278
Sh202000123~NODE~293~covk~15.357492~covr~31.46861	D_246plasm:12250:12400_len_150	100.000	150	0	0	2057	2206	1	150	1.95e-76	278
Sh202000123~NODE~293~covk~15.357492~covr~31.46861	D_245plasm:12200:12350_len_150	100.000	150	0	0	2007	2156	1	150	1.95e-76	278
Sh202000123~NODE~293~covk~15.357492~covr~31.46861	D_244plasm:12150:12300_len_150	100.000	150	0	0	1957	2106	1	150	1.95e-76	278
Sh202000123~NODE~293~covk~15.357492~covr~31.46861	D_243plasm:12100:12250_len_150	100.000	150	0	0	1907	2056	1	150	1.95e-76	278
Sh202000123~NODE~293~covk~15.357492~covr~31.46861	D_242plasm:12050:12200_len_150	100.000	150	0	0	1857	2006	1	150	1.95e-76	278
Sh202000123~NODE~293~covk~15.357492~covr~31.46861	D_241plasm:12000:12150_len_150	100.000	150	0	0	1807	1956	1	150	1.95e-76	278
Sh202000123~NODE~293~covk~15.357492~covr~31.46861	D_240plasm:11950:12100_len_150	100.000	150	0	0	1757	1906	1	150	1.95e-76	278
Sh202000123~NODE~293~covk~15.357492~covr~31.46861	D_239plasm:11900:12050_len_150	100.000	150	0	0	1707	1856	1	150	1.95e-76	278
Sh202000123~NODE~293~covk~15.357492~covr~31.46861	D_238plasm:11850:12000_len_150	100.000	150	0	0	1657	1806	1	150	1.95e-76	278
Sh202000123~NODE~293~covk~15.357492~covr~31.46861	D_237plasm:11800:11950_len_150	100.000	150	0	0	1607	1756	1	150	1.95e-76	278
Sh202000123~NODE~293~covk~15.357492~covr~31.46861	D_236plasm:11750:11900_len_150	100.000	150	0	0	1557	1706	1	150	1.95e-76	278
Sh202000123~NODE~293~covk~15.357492~covr~31.46861	D_235plasm:11700:11850_len_150	100.000	150	0	0	1507	1656	1	150	1.95e-76	278
Sh202000123~NODE~293~covk~15.357492~covr~31.46861	D_234plasm:11650:11800_len_150	100.000	150	0	0	1457	1606	1	150	1.95e-76	278
Sh202000123~NODE~293~covk~15.357492~covr~31.46861	D_233plasm:11600:11750_len_150	100.000	150	0	0	1407	1556	1	150	1.95e-76	278
Sh202000123~NODE~293~covk~15.357492~covr~31.46861	D_232plasm:11550:11700_len_150	100.000	150	0	0	1357	1506	1	150	1.95e-76	278
Sh202000123~NODE~293~covk~15.357492~covr~31.46861	D_231plasm:11500:11650_len_150	100.000	150	0	0	1307	1456	1	150	1.95e-76	278
Sh202000123~NODE~293~covk~15.357492~covr~31.46861	D_230plasm:11450:11600_len_150	100.000	150	0	0	1257	1406	1	150	1.95e-76	278
Sh202000123~NODE~293~covk~15.357492~covr~31.46861	D_229plasm:11400:11550_len_150	100.000	150	0	0	1207	1356	1	150	1.95e-76	278
Sh202000123~NODE~293~covk~15.357492~covr~31.46861	D_228plasm:11350:11500_len_150	100.000	150	0	0	1157	1306	1	150	1.95e-76	278
Sh202000123~NODE~293~covk~15.357492~covr~31.46861	D_227plasm:11300:11450_len_150	100.000	150	0	0	1107	1256	1	150	1.95e-76	278
Sh202000123~NODE~293~covk~15.357492~covr~31.46861	D_226plasm:11250:11400_len_150	100.000	150	0	0	1057	1206	1	150	1.95e-76	278
Sh202000123~NODE~293~covk~15.357492~covr~31.46861	D_225plasm:11200:11350_len_150	100.000	150	0	0	1007	1156	1	150	1.95e-76	278
Sh202000123~NODE~293~covk~15.357492~covr~31.46861	D_224plasm:11150:11300_len_150	100.000	150	0	0	957	1106	1	150	1.95e-76	278
Sh202000123~NODE~293~covk~15.357492~covr~31.46861	D_223plasm:11100:11250_len_150	100.000	150	0	0	907	1056	1	150	1.95e-76	278
Sh202000123~NODE~293~covk~15.357492~covr~31.46861	D_222plasm:11050:11200_len_150	100.000	150	0	0	857	1006	1	150	1.95e-76	278
Sh202000123~NODE~293~covk~15.357492~covr~31.46861	D_221plasm:11000:11150_len_150	100.000	150	0	0	807	956	1	150	1.95e-76	278
Sh202000123~NODE~293~covk~15.357492~covr~31.46861	D_220plasm:10950:11100_len_150	100.000	150	0	0	757	906	1	150	1.95e-76	278
Sh202000123~NODE~293~covk~15.357492~covr~31.46861	D_219plasm:10900:11050_len_150	100.000	150	0	0	707	856	1	150	1.95e-76	278
Sh202000123~NODE~293~covk~15.357492~covr~31.46861	D_218plasm:10850:11000_len_150	100.000	150	0	0	657	806	1	150	1.95e-76	278
Sh202000123~NODE~293~covk~15.357492~covr~31.46861	D_217plasm:10800:10950_len_150	100.000	150	0	0	607	756	1	150	1.95e-76	278
Sh202000123~NODE~293~covk~15.357492~covr~31.46861	D_216plasm:10750:10900_len_150	100.000	150	0	0	557	706	1	150	1.95e-76	278
Sh202000123~NODE~293~covk~15.357492~covr~31.46861	D_215plasm:10700:10850_len_150	100.000	150	0	0	507	656	1	150	1.95e-76	278
Sh202000123~NODE~293~covk~15.357492~covr~31.46861	D_214plasm:10650:10800_len_150	100.000	150	0	0	457	606	1	150	1.95e-76	278
Sh202000123~NODE~293~covk~15.357492~covr~31.46861	D_213plasm:10600:10750_len_150	100.000	150	0	0	407	556	1	150	1.95e-76	278
Sh202000123~NODE~293~covk~15.357492~covr~31.46861	D_212plasm:10550:10700_len_150	100.000	150	0	0	357	506	1	150	1.95e-76	278
Sh202000123~NODE~293~covk~15.357492~covr~31.46861	D_211plasm:10500:10650_len_150	100.000	150	0	0	307	456	1	150	1.95e-76	278
Sh202000123~NODE~293~covk~15.357492~covr~31.46861	D_210plasm:10450:10600_len_150	100.000	150	0	0	257	406	1	150	1.95e-76	278
Sh202000123~NODE~293~covk~15.357492~covr~31.46861	D_209plasm:10400:10550_len_150	100.000	150	0	0	207	356	1	150	1.95e-76	278
Sh202000123~NODE~293~covk~15.357492~covr~31.46861	D_208plasm:10350:10500_len_150	100.000	150	0	0	157	306	1	150	1.95e-76	278
Sh202000123~NODE~293~covk~15.357492~covr~31.46861	D_207plasm:10300:10450_len_150	100.000	150	0	0	107	256	1	150	1.95e-76	278
Sh202000123~NODE~293~covk~15.357492~covr~31.46861	D_206plasm:10250:10400_len_150	100.000	150	0	0	57	206	1	150	1.95e-76	278
Sh202000123~NODE~293~covk~15.357492~covr~31.46861	D_205plasm:10200:10350_len_150	100.000	150	0	0	7	156	1	150	1.95e-76	278
Sh202000123~NODE~324~covk~2.928097~covr~7.10610	D_199plasm:9900:10050_len_150	100.000	150	0	0	32	181	150	1	1.34e-76	278
Sh202000123~NODE~324~covk~2.928097~covr~7.10610	D_198plasm:9850:10000_len_150	100.000	150	0	0	82	231	150	1	1.34e-76	278
Sh202000123~NODE~324~covk~2.928097~covr~7.10610	D_197plasm:9800:9950_len_150	100.000	150	0	0	132	281	150	1	1.34e-76	278
Sh202000123~NODE~324~covk~2.928097~covr~7.10610	D_196plasm:9750:9900_len_150	100.000	150	0	0	182	331	150	1	1.34e-76	278
Sh202000123~NODE~324~covk~2.928097~covr~7.10610	D_195plasm:9700:9850_len_150	100.000	150	0	0	232	381	150	1	1.34e-76	278
Sh202000123~NODE~324~covk~2.928097~covr~7.10610	D_194plasm:9650:9800_len_150	100.000	150	0	0	282	431	150	1	1.34e-76	278
Sh202000123~NODE~324~covk~2.928097~covr~7.10610	D_193plasm:9600:9750_len_150	100.000	150	0	0	332	481	150	1	1.34e-76	278
Sh202000123~NODE~324~covk~2.928097~covr~7.10610	D_192plasm:9550:9700_len_150	100.000	150	0	0	382	531	150	1	1.34e-76	278
Sh202000123~NODE~324~covk~2.928097~covr~7.10610	D_191plasm:9500:9650_len_150	100.000	150	0	0	432	581	150	1	1.34e-76	278
Sh202000123~NODE~324~covk~2.928097~covr~7.10610	D_190plasm:9450:9600_len_150	100.000	150	0	0	482	631	150	1	1.34e-76	278
Sh202000123~NODE~324~covk~2.928097~covr~7.10610	D_189plasm:9400:9550_len_150	100.000	150	0	0	532	681	150	1	1.34e-76	278
Sh202000123~NODE~324~covk~2.928097~covr~7.10610	D_188plasm:9350:9500_len_150	100.000	150	0	0	582	731	150	1	1.34e-76	278
Sh202000123~NODE~324~covk~2.928097~covr~7.10610	D_187plasm:9300:9450_len_150	100.000	150	0	0	632	781	150	1	1.34e-76	278
Sh202000123~NODE~324~covk~2.928097~covr~7.10610	D_186plasm:9250:9400_len_150	100.000	150	0	0	682	831	150	1	1.34e-76	278
Sh202000123~NODE~324~covk~2.928097~covr~7.10610	D_185plasm:9200:9350_len_150	100.000	150	0	0	732	881	150	1	1.34e-76	278
Sh202000123~NODE~324~covk~2.928097~covr~7.10610	D_184plasm:9150:9300_len_150	100.000	150	0	0	782	931	150	1	1.34e-76	278
Sh202000123~NODE~324~covk~2.928097~covr~7.10610	D_183plasm:9100:9250_len_150	100.000	150	0	0	832	981	150	1	1.34e-76	278
Sh202000123~NODE~324~covk~2.928097~covr~7.10610	D_182plasm:9050:9200_len_150	100.000	150	0	0	882	1031	150	1	1.34e-76	278
Sh202000123~NODE~324~covk~2.928097~covr~7.10610	D_181plasm:9000:9150_len_150	100.000	150	0	0	932	1081	150	1	1.34e-76	278
Sh202000123~NODE~324~covk~2.928097~covr~7.10610	D_180plasm:8950:9100_len_150	100.000	150	0	0	982	1131	150	1	1.34e-76	278
Sh202000123~NODE~324~covk~2.928097~covr~7.10610	D_179plasm:8900:9050_len_150	100.000	150	0	0	1032	1181	150	1	1.34e-76	278
Sh202000123~NODE~324~covk~2.928097~covr~7.10610	D_178plasm:8850:9000_len_150	100.000	150	0	0	1082	1231	150	1	1.34e-76	278
Sh202000123~NODE~324~covk~2.928097~covr~7.10610	D_177plasm:8800:8950_len_150	100.000	150	0	0	1132	1281	150	1	1.34e-76	278
Sh202000123~NODE~324~covk~2.928097~covr~7.10610	D_176plasm:8750:8900_len_150	100.000	150	0	0	1182	1331	150	1	1.34e-76	278
Sh202000123~NODE~324~covk~2.928097~covr~7.10610	D_175plasm:8700:8850_len_150	100.000	150	0	0	1232	1381	150	1	1.34e-76	278
Sh202000123~NODE~324~covk~2.928097~covr~7.10610	D_174plasm:8650:8800_len_150	100.000	150	0	0	1282	1431	150	1	1.34e-76	278
Sh202000123~NODE~324~covk~2.928097~covr~7.10610	D_173plasm:8600:8750_len_150	100.000	150	0	0	1332	1481	150	1	1.34e-76	278
Sh202000123~NODE~324~covk~2.928097~covr~7.10610	D_172plasm:8550:8700_len_150	100.000	150	0	0	1382	1531	150	1	1.34e-76	278
Sh202000123~NODE~324~covk~2.928097~covr~7.10610	D_171plasm:8500:8650_len_150	100.000	150	0	0	1432	1581	150	1	1.34e-76	278
Sh202000123~NODE~324~covk~2.928097~covr~7.10610	D_170plasm:8450:8600_len_150	100.000	150	0	0	1482	1631	150	1	1.34e-76	278
Sh202000123~NODE~324~covk~2.928097~covr~7.10610	D_169plasm:8400:8550_len_150	100.000	150	0	0	1532	1681	150	1	1.34e-76	278
Sh202000123~NODE~324~covk~2.928097~covr~7.10610	D_168plasm:8350:8500_len_150	100.000	150	0	0	1582	1731	150	1	1.34e-76	278
Sh202000123~NODE~324~covk~2.928097~covr~7.10610	D_167plasm:8300:8450_len_150	100.000	150	0	0	1632	1781	150	1	1.34e-76	278
Sh202000123~NODE~324~covk~2.928097~covr~7.10610	D_166plasm:8250:8400_len_150	100.000	150	0	0	1682	1831	150	1	1.34e-76	278
Sh202000123~NODE~324~covk~2.928097~covr~7.10610	D_165plasm:8200:8350_len_150	100.000	150	0	0	1732	1881	150	1	1.34e-76	278
Sh202000123~NODE~337~covk~1.983933~covr~4.91488	D_63plasm:3100:3250_len_150	100.000	150	0	0	1357	1506	1	150	1.16e-76	278
Sh202000123~NODE~337~covk~1.983933~covr~4.91488	D_62plasm:3050:3200_len_150	100.000	150	0	0	1307	1456	1	150	1.16e-76	278
Sh202000123~NODE~337~covk~1.983933~covr~4.91488	D_61plasm:3000:3150_len_150	100.000	150	0	0	1257	1406	1	150	1.16e-76	278
Sh202000123~NODE~337~covk~1.983933~covr~4.91488	D_60plasm:2950:3100_len_150	100.000	150	0	0	1207	1356	1	150	1.16e-76	278
Sh202000123~NODE~337~covk~1.983933~covr~4.91488	D_59plasm:2900:3050_len_150	100.000	150	0	0	1157	1306	1	150	1.16e-76	278
Sh202000123~NODE~337~covk~1.983933~covr~4.91488	D_58plasm:2850:3000_len_150	100.000	150	0	0	1107	1256	1	150	1.16e-76	278
Sh202000123~NODE~337~covk~1.983933~covr~4.91488	D_57plasm:2800:2950_len_150	100.000	150	0	0	1057	1206	1	150	1.16e-76	278
Sh202000123~NODE~337~covk~1.983933~covr~4.91488	D_56plasm:2750:2900_len_150	100.000	150	0	0	1007	1156	1	150	1.16e-76	278
Sh202000123~NODE~337~covk~1.983933~covr~4.91488	D_55plasm:2700:2850_len_150	100.000	150	0	0	957	1106	1	150	1.16e-76	278
Sh202000123~NODE~337~covk~1.983933~covr~4.91488	D_54plasm:2650:2800_len_150	100.000	150	0	0	907	1056	1	150	1.16e-76	278
Sh202000123~NODE~337~covk~1.983933~covr~4.91488	D_53plasm:2600:2750_len_150	100.000	150	0	0	857	1006	1	150	1.16e-76	278
Sh202000123~NODE~337~covk~1.983933~covr~4.91488	D_52plasm:2550:2700_len_150	100.000	150	0	0	807	956	1	150	1.16e-76	278
Sh202000123~NODE~337~covk~1.983933~covr~4.91488	D_51plasm:2500:2650_len_150	100.000	150	0	0	757	906	1	150	1.16e-76	278
Sh202000123~NODE~337~covk~1.983933~covr~4.91488	D_50plasm:2450:2600_len_150	100.000	150	0	0	707	856	1	150	1.16e-76	278
Sh202000123~NODE~337~covk~1.983933~covr~4.91488	D_49plasm:2400:2550_len_150	100.000	150	0	0	657	806	1	150	1.16e-76	278
Sh202000123~NODE~337~covk~1.983933~covr~4.91488	D_48plasm:2350:2500_len_150	100.000	150	0	0	607	756	1	150	1.16e-76	278
Sh202000123~NODE~337~covk~1.983933~covr~4.91488	D_47plasm:2300:2450_len_150	100.000	150	0	0	557	706	1	150	1.16e-76	278
Sh202000123~NODE~337~covk~1.983933~covr~4.91488	D_46plasm:2250:2400_len_150	100.000	150	0	0	507	656	1	150	1.16e-76	278
Sh202000123~NODE~337~covk~1.983933~covr~4.91488	D_45plasm:2200:2350_len_150	100.000	150	0	0	457	606	1	150	1.16e-76	278
Sh202000123~NODE~337~covk~1.983933~covr~4.91488	D_44plasm:2150:2300_len_150	100.000	150	0	0	407	556	1	150	1.16e-76	278
Sh202000123~NODE~337~covk~1.983933~covr~4.91488	D_43plasm:2100:2250_len_150	100.000	150	0	0	357	506	1	150	1.16e-76	278
Sh202000123~NODE~337~covk~1.983933~covr~4.91488	D_42plasm:2050:2200_len_150	100.000	150	0	0	307	456	1	150	1.16e-76	278
Sh202000123~NODE~337~covk~1.983933~covr~4.91488	D_41plasm:2000:2150_len_150	100.000	150	0	0	257	406	1	150	1.16e-76	278
Sh202000123~NODE~337~covk~1.983933~covr~4.91488	D_40plasm:1950:2100_len_150	100.000	150	0	0	207	356	1	150	1.16e-76	278
Sh202000123~NODE~337~covk~1.983933~covr~4.91488	D_39plasm:1900:2050_len_150	100.000	150	0	0	157	306	1	150	1.16e-76	278
Sh202000123~NODE~337~covk~1.983933~covr~4.91488	D_38plasm:1850:2000_len_150	100.000	150	0	0	107	256	1	150	1.16e-76	278
Sh202000123~NODE~337~covk~1.983933~covr~4.91488	D_37plasm:1800:1950_len_150	100.000	150	0	0	57	206	1	150	1.16e-76	278
Sh202000123~NODE~337~covk~1.983933~covr~4.91488	D_36plasm:1750:1900_len_150	100.000	150	0	0	7	156	1	150	1.16e-76	278
Sh202000123~NODE~367~covk~5.119109~covr~11.41559	D_33plasm:1600:1750_len_150	100.000	150	0	0	15	164	150	1	8.86e-77	278
Sh202000123~NODE~367~covk~5.119109~covr~11.41559	D_32plasm:1550:1700_len_150	100.000	150	0	0	65	214	150	1	8.86e-77	278
Sh202000123~NODE~367~covk~5.119109~covr~11.41559	D_31plasm:1500:1650_len_150	100.000	150	0	0	115	264	150	1	8.86e-77	278
Sh202000123~NODE~367~covk~5.119109~covr~11.41559	D_30plasm:1450:1600_len_150	100.000	150	0	0	165	314	150	1	8.86e-77	278
Sh202000123~NODE~367~covk~5.119109~covr~11.41559	D_29plasm:1400:1550_len_150	100.000	150	0	0	215	364	150	1	8.86e-77	278
Sh202000123~NODE~367~covk~5.119109~covr~11.41559	D_28plasm:1350:1500_len_150	100.000	150	0	0	265	414	150	1	8.86e-77	278
Sh202000123~NODE~367~covk~5.119109~covr~11.41559	D_27plasm:1300:1450_len_150	100.000	150	0	0	315	464	150	1	8.86e-77	278
Sh202000123~NODE~367~covk~5.119109~covr~11.41559	D_26plasm:1250:1400_len_150	100.000	150	0	0	365	514	150	1	8.86e-77	278
Sh202000123~NODE~367~covk~5.119109~covr~11.41559	D_25plasm:1200:1350_len_150	100.000	150	0	0	415	564	150	1	8.86e-77	278
Sh202000123~NODE~367~covk~5.119109~covr~11.41559	D_24plasm:1150:1300_len_150	100.000	150	0	0	465	614	150	1	8.86e-77	278
Sh202000123~NODE~367~covk~5.119109~covr~11.41559	D_23plasm:1100:1250_len_150	100.000	150	0	0	515	664	150	1	8.86e-77	278
Sh202000123~NODE~367~covk~5.119109~covr~11.41559	D_22plasm:1050:1200_len_150	100.000	150	0	0	565	714	150	1	8.86e-77	278
Sh202000123~NODE~367~covk~5.119109~covr~11.41559	D_21plasm:1000:1150_len_150	100.000	150	0	0	615	764	150	1	8.86e-77	278
Sh202000123~NODE~367~covk~5.119109~covr~11.41559	D_20plasm:950:1100_len_150	100.000	150	0	0	665	814	150	1	8.86e-77	278
Sh202000123~NODE~367~covk~5.119109~covr~11.41559	D_19plasm:900:1050_len_150	100.000	150	0	0	715	864	150	1	8.86e-77	278
Sh202000123~NODE~367~covk~5.119109~covr~11.41559	D_18plasm:850:1000_len_150	100.000	150	0	0	765	914	150	1	8.86e-77	278
Sh202000123~NODE~367~covk~5.119109~covr~11.41559	D_17plasm:800:950_len_150	100.000	150	0	0	815	964	150	1	8.86e-77	278
Sh202000123~NODE~367~covk~5.119109~covr~11.41559	D_16plasm:750:900_len_150	100.000	150	0	0	865	1014	150	1	8.86e-77	278
Sh202000123~NODE~367~covk~5.119109~covr~11.41559	D_15plasm:700:850_len_150	100.000	150	0	0	915	1064	150	1	8.86e-77	278
Sh202000123~NODE~367~covk~5.119109~covr~11.41559	D_14plasm:650:800_len_150	100.000	150	0	0	965	1114	150	1	8.86e-77	278
Sh202000123~NODE~367~covk~5.119109~covr~11.41559	D_13plasm:600:750_len_150	100.000	150	0	0	1015	1164	150	1	8.86e-77	278
Sh202000123~NODE~367~covk~5.119109~covr~11.41559	D_12plasm:550:700_len_150	100.000	150	0	0	1065	1214	150	1	8.86e-77	278
Sh202000123~NODE~413~covk~7.127182~covr~13.52162	D_8plasm:350:500_len_150	100.000	150	0	0	717	866	1	150	6.22e-77	278
Sh202000123~NODE~413~covk~7.127182~covr~13.52162	D_7plasm:300:450_len_150	100.000	150	0	0	667	816	1	150	6.22e-77	278
Sh202000123~NODE~413~covk~7.127182~covr~13.52162	D_6plasm:250:400_len_150	100.000	150	0	0	617	766	1	150	6.22e-77	278
Sh202000123~NODE~413~covk~7.127182~covr~13.52162	D_5plasm:200:350_len_150	100.000	150	0	0	567	716	1	150	6.22e-77	278
Sh202000123~NODE~413~covk~7.127182~covr~13.52162	D_4plasm:150:300_len_150	100.000	150	0	0	517	666	1	150	6.22e-77	278
Sh202000123~NODE~413~covk~7.127182~covr~13.52162	D_3plasm:100:250_len_150	100.000	150	0	0	467	616	1	150	6.22e-77	278
Sh202000123~NODE~413~covk~7.127182~covr~13.52162	D_2plasm:50:200_len_150	100.000	150	0	0	417	566	1	150	6.22e-77	278
Sh202000123~NODE~413~covk~7.127182~covr~13.52162	D_1plasm:0:150_len_150	100.000	150	0	0	367	516	1	150	6.22e-77	278
Sh202000123~NODE~439~covk~1.332822~covr~3.30041	D_115plasm:5700:5850_len_150	100.000	150	0	0	555	704	1	150	5.14e-77	278
Sh202000123~NODE~439~covk~1.332822~covr~3.30041	D_114plasm:5650:5800_len_150	100.000	150	0	0	505	654	1	150	5.14e-77	278
Sh202000123~NODE~439~covk~1.332822~covr~3.30041	D_113plasm:5600:5750_len_150	100.000	150	0	0	455	604	1	150	5.14e-77	278
Sh202000123~NODE~439~covk~1.332822~covr~3.30041	D_112plasm:5550:5700_len_150	100.000	150	0	0	405	554	1	150	5.14e-77	278
Sh202000123~NODE~439~covk~1.332822~covr~3.30041	D_111plasm:5500:5650_len_150	100.000	150	0	0	355	504	1	150	5.14e-77	278
Sh202000123~NODE~439~covk~1.332822~covr~3.30041	D_110plasm:5450:5600_len_150	100.000	150	0	0	305	454	1	150	5.14e-77	278
Sh202000123~NODE~439~covk~1.332822~covr~3.30041	D_109plasm:5400:5550_len_150	100.000	150	0	0	255	404	1	150	5.14e-77	278
Sh202000123~NODE~439~covk~1.332822~covr~3.30041	D_108plasm:5350:5500_len_150	100.000	150	0	0	205	354	1	150	5.14e-77	278
Sh202000123~NODE~439~covk~1.332822~covr~3.30041	D_107plasm:5300:5450_len_150	100.000	150	0	0	155	304	1	150	5.14e-77	278
Sh202000123~NODE~439~covk~1.332822~covr~3.30041	D_106plasm:5250:5400_len_150	100.000	150	0	0	105	254	1	150	5.14e-77	278
Sh202000123~NODE~439~covk~1.332822~covr~3.30041	D_105plasm:5200:5350_len_150	100.000	150	0	0	55	204	1	150	5.14e-77	278
Sh202000123~NODE~439~covk~1.332822~covr~3.30041	D_104plasm:5150:5300_len_150	100.000	150	0	0	5	154	1	150	5.14e-77	278
Sh202000123~NODE~484~covk~1.244845~covr~3.24086	D_157plasm:7800:7950_len_150	100.000	150	0	0	80	229	150	1	3.27e-77	278
Sh202000123~NODE~484~covk~1.244845~covr~3.24086	D_156plasm:7750:7900_len_150	100.000	150	0	0	130	279	150	1	3.27e-77	278
Sh202000123~NODE~484~covk~1.244845~covr~3.24086	D_155plasm:7700:7850_len_150	100.000	150	0	0	180	329	150	1	3.27e-77	278
Sh202000123~NODE~484~covk~1.244845~covr~3.24086	D_154plasm:7650:7800_len_150	100.000	150	0	0	230	379	150	1	3.27e-77	278
Sh202000123~NODE~484~covk~1.244845~covr~3.24086	D_153plasm:7600:7750_len_150	100.000	150	0	0	280	429	150	1	3.27e-77	278
Sh202000123~NODE~487~covk~1.644986~covr~3.55830	D_96plasm:4750:4900_len_150	100.000	150	0	0	286	435	1	150	3.13e-77	278
Sh202000123~NODE~487~covk~1.644986~covr~3.55830	D_95plasm:4700:4850_len_150	100.000	150	0	0	236	385	1	150	3.13e-77	278
Sh202000123~NODE~487~covk~1.644986~covr~3.55830	D_94plasm:4650:4800_len_150	100.000	150	0	0	186	335	1	150	3.13e-77	278
Sh202000123~NODE~487~covk~1.644986~covr~3.55830	D_93plasm:4600:4750_len_150	100.000	150	0	0	136	285	1	150	3.13e-77	278
Sh202000123~NODE~487~covk~1.644986~covr~3.55830	D_92plasm:4550:4700_len_150	100.000	150	0	0	86	235	1	150	3.13e-77	278
Sh202000123~NODE~487~covk~1.644986~covr~3.55830	D_91plasm:4500:4650_len_150	100.000	150	0	0	36	185	1	150	3.13e-77	278
Sh202000123~NODE~507~covk~1.061489~covr~2.67098	D_77plasm:3800:3950_len_150	100.000	150	0	0	108	257	1	150	2.69e-77	278
Sh202000123~NODE~507~covk~1.061489~covr~2.67098	D_76plasm:3750:3900_len_150	100.000	150	0	0	58	207	1	150	2.69e-77	278
Sh202000123~NODE~507~covk~1.061489~covr~2.67098	D_75plasm:3700:3850_len_150	100.000	150	0	0	8	157	1	150	2.69e-77	278
Sh202000123~NODE~575~covk~1.885542~covr~3.65844	D_72plasm:3550:3700_len_150	100.000	150	0	0	91	240	1	150	1.67e-77	278
Sh202000123~NODE~575~covk~1.885542~covr~3.65844	D_71plasm:3500:3650_len_150	100.000	150	0	0	41	190	1	150	1.67e-77	278
Sh202000123~NODE~587~covk~1.189542~covr~2.57391	D_130plasm:6450:6600_len_150	100.000	150	0	0	11	160	150	1	1.58e-77	278
Sh202000123~NODE~587~covk~1.189542~covr~2.57391	D_129plasm:6400:6550_len_150	100.000	150	0	0	61	210	150	1	1.58e-77	278
