Sh202000123~NODE~31~covk~42.076154~covr~87.19364	ipaH_2:v2:50:200_len_150	100.000	150	0	0	5	154	150	1	1.15e-76	278
Sh202000123~NODE~31~covk~42.076154~covr~87.19364	ipaH_1:v2:0:150_len_150	100.000	150	0	0	55	204	150	1	1.15e-76	278
Sh202000123~NODE~443~covk~36.285240~covr~72.28235	ipaH_13:v2:600:750_len_150	99.333	150	1	0	419	568	150	1	1.05e-76	272
Sh202000123~NODE~443~covk~36.285240~covr~72.28235	ipaH_12:v2:550:700_len_150	98.667	150	2	0	469	618	150	1	4.88e-75	267
Sh202000123~NODE~443~covk~36.285240~covr~72.28235	ipaH_11:v2:500:650_len_150	98.667	150	2	0	519	668	150	1	4.88e-75	267
Sh202000123~NODE~490~covk~61.664820~covr~93.23288	ipaH_9:v2:400:550_len_150	100.000	150	0	0	16	165	150	1	1.45e-78	278
Sh202000123~NODE~490~covk~61.664820~covr~93.23288	ipaH_8:v2:350:500_len_150	100.000	150	0	0	66	215	150	1	1.45e-78	278
Sh202000123~NODE~490~covk~61.664820~covr~93.23288	ipaH_7:v2:300:450_len_150	100.000	150	0	0	116	265	150	1	1.45e-78	278
Sh202000123~NODE~490~covk~61.664820~covr~93.23288	ipaH_6:v2:250:400_len_150	99.333	150	1	0	166	315	150	1	6.75e-77	272
Sh202000123~NODE~490~covk~61.664820~covr~93.23288	ipaH_5:v2:200:350_len_150	99.333	150	1	0	216	365	150	1	6.75e-77	272
Sh202000123~NODE~490~covk~61.664820~covr~93.23288	ipaH_4:v2:150:300_len_150	99.333	150	1	0	266	415	150	1	6.75e-77	272
