Sh202000352~NODE~43~covk~40.874810~covr~84.33751	flic_ShH2(ShH2cplx)_len_1653	100.000	1653	0	0	7004	8656	1	1653	0.0	3053
Sh202000352~NODE~43~covk~40.874810~covr~84.33751	flic_ShH66(ShH2cplx)_len_1653	99.940	1653	1	0	7004	8656	1	1653	0.0	3048
Sh202000352~NODE~43~covk~40.874810~covr~84.33751	flic_ShH65(ShH2cplx)_len_1653	99.940	1653	1	0	7004	8656	1	1653	0.0	3048
Sh202000352~NODE~43~covk~40.874810~covr~84.33751	flic_ShH53(ShH2cplx)_len_1653	99.940	1653	1	0	7004	8656	1	1653	0.0	3048
Sh202000352~NODE~43~covk~40.874810~covr~84.33751	flic_ShH49(ShH2cplx)_len_1653	99.940	1653	1	0	7004	8656	1	1653	0.0	3048
Sh202000352~NODE~43~covk~40.874810~covr~84.33751	flic_ShH45(ShH2cplx)_len_1653	99.940	1653	1	0	7004	8656	1	1653	0.0	3048
Sh202000352~NODE~43~covk~40.874810~covr~84.33751	flic_ShH44(ShH2cplx)_len_1653	99.940	1653	1	0	7004	8656	1	1653	0.0	3048
Sh202000352~NODE~43~covk~40.874810~covr~84.33751	flic_ShH43(ShH2cplx)_len_1653	99.940	1653	1	0	7004	8656	1	1653	0.0	3048
Sh202000352~NODE~43~covk~40.874810~covr~84.33751	flic_ShH42(ShH2cplx)_len_1653	99.940	1653	1	0	7004	8656	1	1653	0.0	3048
Sh202000352~NODE~43~covk~40.874810~covr~84.33751	flic_ShH41(ShH2cplx)_len_1653	99.940	1653	1	0	7004	8656	1	1653	0.0	3048
Sh202000352~NODE~43~covk~40.874810~covr~84.33751	flic_ShH36(ShH2cplx)_len_1653	99.940	1653	1	0	7004	8656	1	1653	0.0	3048
Sh202000352~NODE~43~covk~40.874810~covr~84.33751	flic_ShH29(ShH2cplx)_len_1653	99.940	1653	1	0	7004	8656	1	1653	0.0	3048
Sh202000352~NODE~43~covk~40.874810~covr~84.33751	flic_ShH67(ShH2cplx)_len_1653	99.879	1653	2	0	7004	8656	1	1653	0.0	3042
Sh202000352~NODE~43~covk~40.874810~covr~84.33751	flic_ShH58(ShH2cplx)_len_1653	99.879	1653	2	0	7004	8656	1	1653	0.0	3042
Sh202000352~NODE~43~covk~40.874810~covr~84.33751	flic_ShH46(ShH2cplx)_len_1653	99.879	1653	2	0	7004	8656	1	1653	0.0	3042
Sh202000352~NODE~43~covk~40.874810~covr~84.33751	flic_ShH47(ShH2cplx)_len_1641	99.274	1653	0	1	7004	8656	1	1641	0.0	2976
