Sh202000352~NODE~340~covk~81.074627~covr~167.27175	ipaH_13:v2:600:750_len_150	100.000	150	0	0	1	150	150	1	2.48e-78	278
Sh202000352~NODE~340~covk~81.074627~covr~167.27175	ipaH_9:v2:400:550_len_150	100.000	150	0	0	201	350	150	1	2.48e-78	278
Sh202000352~NODE~340~covk~81.074627~covr~167.27175	ipaH_8:v2:350:500_len_150	100.000	150	0	0	251	400	150	1	2.48e-78	278
Sh202000352~NODE~340~covk~81.074627~covr~167.27175	ipaH_7:v2:300:450_len_150	100.000	150	0	0	301	450	150	1	2.48e-78	278
Sh202000352~NODE~340~covk~81.074627~covr~167.27175	ipaH_3:v2:100:250_len_150	100.000	150	0	0	501	650	150	1	2.48e-78	278
Sh202000352~NODE~340~covk~81.074627~covr~167.27175	ipaH_2:v2:50:200_len_150	100.000	150	0	0	551	700	150	1	2.48e-78	278
Sh202000352~NODE~340~covk~81.074627~covr~167.27175	ipaH_12:v2:550:700_len_150	99.333	150	1	0	51	200	150	1	1.15e-76	272
Sh202000352~NODE~340~covk~81.074627~covr~167.27175	ipaH_11:v2:500:650_len_150	99.333	150	1	0	101	250	150	1	1.15e-76	272
Sh202000352~NODE~340~covk~81.074627~covr~167.27175	ipaH_10:v2:450:600_len_150	99.333	150	1	0	151	300	150	1	1.15e-76	272
Sh202000352~NODE~340~covk~81.074627~covr~167.27175	ipaH_6:v2:250:400_len_150	99.333	150	1	0	351	500	150	1	1.15e-76	272
Sh202000352~NODE~340~covk~81.074627~covr~167.27175	ipaH_5:v2:200:350_len_150	99.333	150	1	0	401	550	150	1	1.15e-76	272
Sh202000352~NODE~340~covk~81.074627~covr~167.27175	ipaH_4:v2:150:300_len_150	99.333	150	1	0	451	600	150	1	1.15e-76	272
Sh202000352~NODE~340~covk~81.074627~covr~167.27175	ipaH_1:v2:0:150_len_150	100.000	147	0	0	601	747	150	4	1.15e-76	272
