Sh202000352~NODE~93~covk~41.096388~covr~84.89047	oac1b_18:850:1000_len_150	100.000	150	0	0	1037	1186	1	150	7.89e-76	278
Sh202000352~NODE~93~covk~41.096388~covr~84.89047	oac1b_17:800:950_len_150	100.000	150	0	0	987	1136	1	150	7.89e-76	278
Sh202000352~NODE~93~covk~41.096388~covr~84.89047	oac1b_16:750:900_len_150	100.000	150	0	0	937	1086	1	150	7.89e-76	278
Sh202000352~NODE~93~covk~41.096388~covr~84.89047	oac1b_15:700:850_len_150	100.000	150	0	0	887	1036	1	150	7.89e-76	278
Sh202000352~NODE~93~covk~41.096388~covr~84.89047	oac1b_14:650:800_len_150	100.000	150	0	0	837	986	1	150	7.89e-76	278
Sh202000352~NODE~93~covk~41.096388~covr~84.89047	oac1b_13:600:750_len_150	100.000	150	0	0	787	936	1	150	7.89e-76	278
Sh202000352~NODE~93~covk~41.096388~covr~84.89047	oac1b_12:550:700_len_150	100.000	150	0	0	737	886	1	150	7.89e-76	278
Sh202000352~NODE~93~covk~41.096388~covr~84.89047	oac1b_11:500:650_len_150	100.000	150	0	0	687	836	1	150	7.89e-76	278
Sh202000352~NODE~93~covk~41.096388~covr~84.89047	oac1b_10:450:600_len_150	100.000	150	0	0	637	786	1	150	7.89e-76	278
Sh202000352~NODE~93~covk~41.096388~covr~84.89047	oac1b_9:400:550_len_150	100.000	150	0	0	587	736	1	150	7.89e-76	278
Sh202000352~NODE~93~covk~41.096388~covr~84.89047	oac1b_8:350:500_len_150	100.000	150	0	0	537	686	1	150	7.89e-76	278
Sh202000352~NODE~93~covk~41.096388~covr~84.89047	oac1b_7:300:450_len_150	100.000	150	0	0	487	636	1	150	7.89e-76	278
Sh202000352~NODE~93~covk~41.096388~covr~84.89047	oac1b_6:250:400_len_150	100.000	150	0	0	437	586	1	150	7.89e-76	278
Sh202000352~NODE~93~covk~41.096388~covr~84.89047	oac1b_5:200:350_len_150	100.000	150	0	0	387	536	1	150	7.89e-76	278
Sh202000352~NODE~93~covk~41.096388~covr~84.89047	oac1b_4:150:300_len_150	100.000	150	0	0	337	486	1	150	7.89e-76	278
Sh202000352~NODE~93~covk~41.096388~covr~84.89047	oac1b_3:100:250_len_150	100.000	150	0	0	287	436	1	150	7.89e-76	278
Sh202000352~NODE~93~covk~41.096388~covr~84.89047	oac1b_2:50:200_len_150	100.000	150	0	0	237	386	1	150	7.89e-76	278
Sh202000352~NODE~93~covk~41.096388~covr~84.89047	oac1b_1:0:150_len_150	100.000	150	0	0	187	336	1	150	7.89e-76	278
Sh202000352~NODE~244~covk~27.382327~covr~56.08125	gtrI_5:200:350_len_150	100.000	150	0	0	36	185	150	1	1.28e-76	278
Sh202000352~NODE~244~covk~27.382327~covr~56.08125	gtrI_4:150:300_len_150	100.000	150	0	0	86	235	150	1	1.28e-76	278
Sh202000352~NODE~244~covk~27.382327~covr~56.08125	gtrI_3:100:250_len_150	100.000	150	0	0	136	285	150	1	1.28e-76	278
Sh202000352~NODE~244~covk~27.382327~covr~56.08125	gtrI_2:50:200_len_150	100.000	150	0	0	186	335	150	1	1.28e-76	278
Sh202000352~NODE~244~covk~27.382327~covr~56.08125	gtrI_1:0:150_len_150	100.000	150	0	0	236	385	150	1	1.28e-76	278
Sh202000352~NODE~284~covk~3.907173~covr~8.78652	gtrI_28:1350:1500_len_150	100.000	150	0	0	958	1107	1	150	8.15e-77	278
Sh202000352~NODE~284~covk~3.907173~covr~8.78652	gtrI_27:1300:1450_len_150	100.000	150	0	0	908	1057	1	150	8.15e-77	278
Sh202000352~NODE~284~covk~3.907173~covr~8.78652	gtrI_26:1250:1400_len_150	100.000	150	0	0	858	1007	1	150	8.15e-77	278
Sh202000352~NODE~284~covk~3.907173~covr~8.78652	gtrI_25:1200:1350_len_150	100.000	150	0	0	808	957	1	150	8.15e-77	278
Sh202000352~NODE~284~covk~3.907173~covr~8.78652	gtrI_24:1150:1300_len_150	100.000	150	0	0	758	907	1	150	8.15e-77	278
Sh202000352~NODE~284~covk~3.907173~covr~8.78652	gtrI_23:1100:1250_len_150	100.000	150	0	0	708	857	1	150	8.15e-77	278
Sh202000352~NODE~284~covk~3.907173~covr~8.78652	gtrI_22:1050:1200_len_150	100.000	150	0	0	658	807	1	150	8.15e-77	278
Sh202000352~NODE~284~covk~3.907173~covr~8.78652	gtrI_21:1000:1150_len_150	100.000	150	0	0	608	757	1	150	8.15e-77	278
Sh202000352~NODE~284~covk~3.907173~covr~8.78652	gtrI_20:950:1100_len_150	100.000	150	0	0	558	707	1	150	8.15e-77	278
Sh202000352~NODE~284~covk~3.907173~covr~8.78652	gtrI_19:900:1050_len_150	100.000	150	0	0	508	657	1	150	8.15e-77	278
Sh202000352~NODE~284~covk~3.907173~covr~8.78652	gtrI_18:850:1000_len_150	100.000	150	0	0	458	607	1	150	8.15e-77	278
Sh202000352~NODE~284~covk~3.907173~covr~8.78652	gtrI_17:800:950_len_150	100.000	150	0	0	408	557	1	150	8.15e-77	278
Sh202000352~NODE~284~covk~3.907173~covr~8.78652	gtrI_16:750:900_len_150	100.000	150	0	0	358	507	1	150	8.15e-77	278
Sh202000352~NODE~284~covk~3.907173~covr~8.78652	gtrI_15:700:850_len_150	100.000	150	0	0	308	457	1	150	8.15e-77	278
Sh202000352~NODE~284~covk~3.907173~covr~8.78652	gtrI_14:650:800_len_150	100.000	150	0	0	258	407	1	150	8.15e-77	278
Sh202000352~NODE~284~covk~3.907173~covr~8.78652	gtrI_13:600:750_len_150	100.000	150	0	0	208	357	1	150	8.15e-77	278
Sh202000352~NODE~284~covk~3.907173~covr~8.78652	gtrI_12:550:700_len_150	100.000	150	0	0	158	307	1	150	8.15e-77	278
Sh202000352~NODE~284~covk~3.907173~covr~8.78652	gtrI_11:500:650_len_150	100.000	150	0	0	108	257	1	150	8.15e-77	278
Sh202000352~NODE~284~covk~3.907173~covr~8.78652	gtrI_10:450:600_len_150	100.000	150	0	0	58	207	1	150	8.15e-77	278
Sh202000352~NODE~284~covk~3.907173~covr~8.78652	gtrI_9:400:550_len_150	100.000	150	0	0	8	157	1	150	8.15e-77	278
