Sh202000352~NODE~64~covk~36.788512~covr~75.79801	B1-5_52:2550:2700_len_150	100.000	150	0	0	18	167	150	1	3.45e-74	278
Sh202000352~NODE~64~covk~36.788512~covr~75.79801	B1-5_51:2500:2650_len_150	100.000	150	0	0	68	217	150	1	3.45e-74	278
Sh202000352~NODE~64~covk~36.788512~covr~75.79801	B1-5_50:2450:2600_len_150	100.000	150	0	0	118	267	150	1	3.45e-74	278
Sh202000352~NODE~64~covk~36.788512~covr~75.79801	B1-5_49:2400:2550_len_150	100.000	150	0	0	168	317	150	1	3.45e-74	278
Sh202000352~NODE~64~covk~36.788512~covr~75.79801	B1-5_48:2350:2500_len_150	100.000	150	0	0	218	367	150	1	3.45e-74	278
Sh202000352~NODE~64~covk~36.788512~covr~75.79801	B1-5_47:2300:2450_len_150	100.000	150	0	0	268	417	150	1	3.45e-74	278
Sh202000352~NODE~64~covk~36.788512~covr~75.79801	B1-5_46:2250:2400_len_150	100.000	150	0	0	318	467	150	1	3.45e-74	278
Sh202000352~NODE~64~covk~36.788512~covr~75.79801	B1-5_45:2200:2350_len_150	100.000	150	0	0	368	517	150	1	3.45e-74	278
Sh202000352~NODE~64~covk~36.788512~covr~75.79801	B1-5_44:2150:2300_len_150	100.000	150	0	0	418	567	150	1	3.45e-74	278
Sh202000352~NODE~64~covk~36.788512~covr~75.79801	B1-5_43:2100:2250_len_150	100.000	150	0	0	468	617	150	1	3.45e-74	278
Sh202000352~NODE~64~covk~36.788512~covr~75.79801	B1-5_42:2050:2200_len_150	100.000	150	0	0	518	667	150	1	3.45e-74	278
Sh202000352~NODE~64~covk~36.788512~covr~75.79801	B1-5_41:2000:2150_len_150	100.000	150	0	0	568	717	150	1	3.45e-74	278
Sh202000352~NODE~64~covk~36.788512~covr~75.79801	B1-5_40:1950:2100_len_150	100.000	150	0	0	618	767	150	1	3.45e-74	278
Sh202000352~NODE~64~covk~36.788512~covr~75.79801	B1-5_39:1900:2050_len_150	100.000	150	0	0	668	817	150	1	3.45e-74	278
Sh202000352~NODE~64~covk~36.788512~covr~75.79801	B1-5_38:1850:2000_len_150	100.000	150	0	0	718	867	150	1	3.45e-74	278
Sh202000352~NODE~64~covk~36.788512~covr~75.79801	B1-5_37:1800:1950_len_150	100.000	150	0	0	768	917	150	1	3.45e-74	278
Sh202000352~NODE~64~covk~36.788512~covr~75.79801	B1-5_36:1750:1900_len_150	100.000	150	0	0	818	967	150	1	3.45e-74	278
Sh202000352~NODE~64~covk~36.788512~covr~75.79801	B1-5_35:1700:1850_len_150	100.000	150	0	0	868	1017	150	1	3.45e-74	278
Sh202000352~NODE~64~covk~36.788512~covr~75.79801	B1-5_34:1650:1800_len_150	100.000	150	0	0	918	1067	150	1	3.45e-74	278
Sh202000352~NODE~64~covk~36.788512~covr~75.79801	B1-5_33:1600:1750_len_150	100.000	150	0	0	968	1117	150	1	3.45e-74	278
Sh202000352~NODE~64~covk~36.788512~covr~75.79801	B1-5_32:1550:1700_len_150	100.000	150	0	0	1018	1167	150	1	3.45e-74	278
Sh202000352~NODE~64~covk~36.788512~covr~75.79801	B1-5_31:1500:1650_len_150	100.000	150	0	0	1068	1217	150	1	3.45e-74	278
Sh202000352~NODE~64~covk~36.788512~covr~75.79801	B1-5_30:1450:1600_len_150	100.000	150	0	0	1118	1267	150	1	3.45e-74	278
Sh202000352~NODE~64~covk~36.788512~covr~75.79801	B1-5_29:1400:1550_len_150	100.000	150	0	0	1168	1317	150	1	3.45e-74	278
Sh202000352~NODE~64~covk~36.788512~covr~75.79801	B1-5_28:1350:1500_len_150	100.000	150	0	0	1218	1367	150	1	3.45e-74	278
Sh202000352~NODE~64~covk~36.788512~covr~75.79801	B1-5_27:1300:1450_len_150	100.000	150	0	0	1268	1417	150	1	3.45e-74	278
Sh202000352~NODE~64~covk~36.788512~covr~75.79801	B1-5_26:1250:1400_len_150	100.000	150	0	0	1318	1467	150	1	3.45e-74	278
Sh202000352~NODE~64~covk~36.788512~covr~75.79801	B1-5_25:1200:1350_len_150	100.000	150	0	0	1368	1517	150	1	3.45e-74	278
Sh202000352~NODE~64~covk~36.788512~covr~75.79801	B1-5_21:1000:1150_len_150	100.000	150	0	0	1568	1717	150	1	3.45e-74	278
Sh202000352~NODE~64~covk~36.788512~covr~75.79801	B1-5_20:950:1100_len_150	100.000	150	0	0	1618	1767	150	1	3.45e-74	278
Sh202000352~NODE~64~covk~36.788512~covr~75.79801	B1-5_19:900:1050_len_150	100.000	150	0	0	1668	1817	150	1	3.45e-74	278
Sh202000352~NODE~64~covk~36.788512~covr~75.79801	B1-5_18:850:1000_len_150	100.000	150	0	0	1718	1867	150	1	3.45e-74	278
Sh202000352~NODE~64~covk~36.788512~covr~75.79801	B1-5_17:800:950_len_150	100.000	150	0	0	1768	1917	150	1	3.45e-74	278
Sh202000352~NODE~64~covk~36.788512~covr~75.79801	B1-5_16:750:900_len_150	100.000	150	0	0	1818	1967	150	1	3.45e-74	278
Sh202000352~NODE~64~covk~36.788512~covr~75.79801	B1-5_15:700:850_len_150	100.000	150	0	0	1868	2017	150	1	3.45e-74	278
Sh202000352~NODE~64~covk~36.788512~covr~75.79801	B1-5_14:650:800_len_150	100.000	150	0	0	1918	2067	150	1	3.45e-74	278
Sh202000352~NODE~64~covk~36.788512~covr~75.79801	B1-5_13:600:750_len_150	100.000	150	0	0	1968	2117	150	1	3.45e-74	278
Sh202000352~NODE~64~covk~36.788512~covr~75.79801	B1-5_12:550:700_len_150	100.000	150	0	0	2018	2167	150	1	3.45e-74	278
Sh202000352~NODE~64~covk~36.788512~covr~75.79801	B1-5_11:500:650_len_150	100.000	150	0	0	2068	2217	150	1	3.45e-74	278
Sh202000352~NODE~64~covk~36.788512~covr~75.79801	B1-5_10:450:600_len_150	100.000	150	0	0	2118	2267	150	1	3.45e-74	278
Sh202000352~NODE~64~covk~36.788512~covr~75.79801	B1-5_9:400:550_len_150	100.000	150	0	0	2168	2317	150	1	3.45e-74	278
Sh202000352~NODE~64~covk~36.788512~covr~75.79801	B1-5_8:350:500_len_150	100.000	150	0	0	2218	2367	150	1	3.45e-74	278
Sh202000352~NODE~64~covk~36.788512~covr~75.79801	B1-5_7:300:450_len_150	100.000	150	0	0	2268	2417	150	1	3.45e-74	278
Sh202000352~NODE~64~covk~36.788512~covr~75.79801	B1-5_6:250:400_len_150	100.000	150	0	0	2318	2467	150	1	3.45e-74	278
Sh202000352~NODE~64~covk~36.788512~covr~75.79801	B1-5_5:200:350_len_150	100.000	150	0	0	2368	2517	150	1	3.45e-74	278
Sh202000352~NODE~64~covk~36.788512~covr~75.79801	B1-5_4:150:300_len_150	100.000	150	0	0	2418	2567	150	1	3.45e-74	278
Sh202000352~NODE~64~covk~36.788512~covr~75.79801	B1-5_3:100:250_len_150	100.000	150	0	0	2468	2617	150	1	3.45e-74	278
Sh202000352~NODE~64~covk~36.788512~covr~75.79801	B1-5_2:50:200_len_150	100.000	150	0	0	2518	2667	150	1	3.45e-74	278
Sh202000352~NODE~64~covk~36.788512~covr~75.79801	B1-5_1:0:150_len_150	100.000	150	0	0	2568	2717	150	1	3.45e-74	278
Sh202000352~NODE~64~covk~36.788512~covr~75.79801	B1-5_24:1150:1300_len_150	99.333	150	1	0	1418	1567	150	1	1.61e-72	272
Sh202000352~NODE~64~covk~36.788512~covr~75.79801	B1-5_23:1100:1250_len_150	99.333	150	1	0	1468	1617	150	1	1.61e-72	272
Sh202000352~NODE~64~covk~36.788512~covr~75.79801	B1-5_22:1050:1200_len_150	99.333	150	1	0	1518	1667	150	1	1.61e-72	272
Sh202000352~NODE~105~covk~35.663971~covr~73.60087	B1-5_149:7400:7550_len_150	100.000	150	0	0	843	992	1	150	2.05e-74	278
Sh202000352~NODE~105~covk~35.663971~covr~73.60087	B1-5_148:7350:7500_len_150	100.000	150	0	0	793	942	1	150	2.05e-74	278
Sh202000352~NODE~105~covk~35.663971~covr~73.60087	B1-5_147:7300:7450_len_150	100.000	150	0	0	743	892	1	150	2.05e-74	278
Sh202000352~NODE~105~covk~35.663971~covr~73.60087	B1-5_146:7250:7400_len_150	100.000	150	0	0	693	842	1	150	2.05e-74	278
Sh202000352~NODE~105~covk~35.663971~covr~73.60087	B1-5_145:7200:7350_len_150	100.000	150	0	0	643	792	1	150	2.05e-74	278
Sh202000352~NODE~105~covk~35.663971~covr~73.60087	B1-5_144:7150:7300_len_150	100.000	150	0	0	593	742	1	150	2.05e-74	278
Sh202000352~NODE~105~covk~35.663971~covr~73.60087	B1-5_143:7100:7250_len_150	100.000	150	0	0	543	692	1	150	2.05e-74	278
Sh202000352~NODE~105~covk~35.663971~covr~73.60087	B1-5_142:7050:7200_len_150	100.000	150	0	0	493	642	1	150	2.05e-74	278
Sh202000352~NODE~105~covk~35.663971~covr~73.60087	B1-5_141:7000:7150_len_150	100.000	150	0	0	443	592	1	150	2.05e-74	278
Sh202000352~NODE~105~covk~35.663971~covr~73.60087	B1-5_140:6950:7100_len_150	100.000	150	0	0	393	542	1	150	2.05e-74	278
Sh202000352~NODE~105~covk~35.663971~covr~73.60087	B1-5_139:6900:7050_len_150	100.000	150	0	0	343	492	1	150	2.05e-74	278
Sh202000352~NODE~105~covk~35.663971~covr~73.60087	B1-5_138:6850:7000_len_150	100.000	150	0	0	293	442	1	150	2.05e-74	278
Sh202000352~NODE~105~covk~35.663971~covr~73.60087	B1-5_137:6800:6950_len_150	100.000	150	0	0	243	392	1	150	2.05e-74	278
Sh202000352~NODE~105~covk~35.663971~covr~73.60087	B1-5_136:6750:6900_len_150	100.000	150	0	0	193	342	1	150	2.05e-74	278
Sh202000352~NODE~105~covk~35.663971~covr~73.60087	B1-5_135:6700:6850_len_150	100.000	150	0	0	143	292	1	150	2.05e-74	278
Sh202000352~NODE~105~covk~35.663971~covr~73.60087	B1-5_134:6650:6800_len_150	100.000	150	0	0	93	242	1	150	2.05e-74	278
Sh202000352~NODE~105~covk~35.663971~covr~73.60087	B1-5_133:6600:6750_len_150	100.000	150	0	0	43	192	1	150	2.05e-74	278
Sh202000352~NODE~225~covk~4.942677~covr~11.67496	B1-5_129:6400:6550_len_150	100.000	150	0	0	2932	3081	1	150	4.90e-75	278
Sh202000352~NODE~225~covk~4.942677~covr~11.67496	B1-5_128:6350:6500_len_150	100.000	150	0	0	2882	3031	1	150	4.90e-75	278
Sh202000352~NODE~225~covk~4.942677~covr~11.67496	B1-5_127:6300:6450_len_150	100.000	150	0	0	2832	2981	1	150	4.90e-75	278
Sh202000352~NODE~225~covk~4.942677~covr~11.67496	B1-5_126:6250:6400_len_150	100.000	150	0	0	2782	2931	1	150	4.90e-75	278
Sh202000352~NODE~225~covk~4.942677~covr~11.67496	B1-5_125:6200:6350_len_150	100.000	150	0	0	2732	2881	1	150	4.90e-75	278
Sh202000352~NODE~225~covk~4.942677~covr~11.67496	B1-5_124:6150:6300_len_150	100.000	150	0	0	2682	2831	1	150	4.90e-75	278
Sh202000352~NODE~225~covk~4.942677~covr~11.67496	B1-5_123:6100:6250_len_150	100.000	150	0	0	2632	2781	1	150	4.90e-75	278
Sh202000352~NODE~225~covk~4.942677~covr~11.67496	B1-5_122:6050:6200_len_150	100.000	150	0	0	2582	2731	1	150	4.90e-75	278
Sh202000352~NODE~225~covk~4.942677~covr~11.67496	B1-5_121:6000:6150_len_150	100.000	150	0	0	2532	2681	1	150	4.90e-75	278
Sh202000352~NODE~225~covk~4.942677~covr~11.67496	B1-5_120:5950:6100_len_150	100.000	150	0	0	2482	2631	1	150	4.90e-75	278
Sh202000352~NODE~225~covk~4.942677~covr~11.67496	B1-5_119:5900:6050_len_150	100.000	150	0	0	2432	2581	1	150	4.90e-75	278
Sh202000352~NODE~225~covk~4.942677~covr~11.67496	B1-5_118:5850:6000_len_150	100.000	150	0	0	2382	2531	1	150	4.90e-75	278
Sh202000352~NODE~225~covk~4.942677~covr~11.67496	B1-5_117:5800:5950_len_150	100.000	150	0	0	2332	2481	1	150	4.90e-75	278
Sh202000352~NODE~225~covk~4.942677~covr~11.67496	B1-5_116:5750:5900_len_150	100.000	150	0	0	2282	2431	1	150	4.90e-75	278
Sh202000352~NODE~225~covk~4.942677~covr~11.67496	B1-5_115:5700:5850_len_150	100.000	150	0	0	2232	2381	1	150	4.90e-75	278
Sh202000352~NODE~225~covk~4.942677~covr~11.67496	B1-5_114:5650:5800_len_150	100.000	150	0	0	2182	2331	1	150	4.90e-75	278
Sh202000352~NODE~225~covk~4.942677~covr~11.67496	B1-5_113:5600:5750_len_150	100.000	150	0	0	2132	2281	1	150	4.90e-75	278
Sh202000352~NODE~225~covk~4.942677~covr~11.67496	B1-5_112:5550:5700_len_150	100.000	150	0	0	2082	2231	1	150	4.90e-75	278
Sh202000352~NODE~225~covk~4.942677~covr~11.67496	B1-5_111:5500:5650_len_150	100.000	150	0	0	2032	2181	1	150	4.90e-75	278
Sh202000352~NODE~225~covk~4.942677~covr~11.67496	B1-5_110:5450:5600_len_150	100.000	150	0	0	1982	2131	1	150	4.90e-75	278
Sh202000352~NODE~225~covk~4.942677~covr~11.67496	B1-5_109:5400:5550_len_150	100.000	150	0	0	1932	2081	1	150	4.90e-75	278
Sh202000352~NODE~225~covk~4.942677~covr~11.67496	B1-5_108:5350:5500_len_150	100.000	150	0	0	1882	2031	1	150	4.90e-75	278
Sh202000352~NODE~225~covk~4.942677~covr~11.67496	B1-5_107:5300:5450_len_150	100.000	150	0	0	1832	1981	1	150	4.90e-75	278
Sh202000352~NODE~225~covk~4.942677~covr~11.67496	B1-5_106:5250:5400_len_150	100.000	150	0	0	1782	1931	1	150	4.90e-75	278
Sh202000352~NODE~225~covk~4.942677~covr~11.67496	B1-5_105:5200:5350_len_150	100.000	150	0	0	1732	1881	1	150	4.90e-75	278
Sh202000352~NODE~225~covk~4.942677~covr~11.67496	B1-5_104:5150:5300_len_150	100.000	150	0	0	1682	1831	1	150	4.90e-75	278
Sh202000352~NODE~225~covk~4.942677~covr~11.67496	B1-5_103:5100:5250_len_150	100.000	150	0	0	1632	1781	1	150	4.90e-75	278
Sh202000352~NODE~225~covk~4.942677~covr~11.67496	B1-5_102:5050:5200_len_150	100.000	150	0	0	1582	1731	1	150	4.90e-75	278
Sh202000352~NODE~225~covk~4.942677~covr~11.67496	B1-5_101:5000:5150_len_150	100.000	150	0	0	1532	1681	1	150	4.90e-75	278
Sh202000352~NODE~225~covk~4.942677~covr~11.67496	B1-5_100:4950:5100_len_150	100.000	150	0	0	1482	1631	1	150	4.90e-75	278
Sh202000352~NODE~225~covk~4.942677~covr~11.67496	B1-5_99:4900:5050_len_150	100.000	150	0	0	1432	1581	1	150	4.90e-75	278
Sh202000352~NODE~225~covk~4.942677~covr~11.67496	B1-5_98:4850:5000_len_150	100.000	150	0	0	1382	1531	1	150	4.90e-75	278
Sh202000352~NODE~225~covk~4.942677~covr~11.67496	B1-5_97:4800:4950_len_150	100.000	150	0	0	1332	1481	1	150	4.90e-75	278
Sh202000352~NODE~225~covk~4.942677~covr~11.67496	B1-5_96:4750:4900_len_150	100.000	150	0	0	1282	1431	1	150	4.90e-75	278
Sh202000352~NODE~225~covk~4.942677~covr~11.67496	B1-5_95:4700:4850_len_150	100.000	150	0	0	1232	1381	1	150	4.90e-75	278
Sh202000352~NODE~225~covk~4.942677~covr~11.67496	B1-5_94:4650:4800_len_150	100.000	150	0	0	1182	1331	1	150	4.90e-75	278
Sh202000352~NODE~225~covk~4.942677~covr~11.67496	B1-5_93:4600:4750_len_150	100.000	150	0	0	1132	1281	1	150	4.90e-75	278
Sh202000352~NODE~225~covk~4.942677~covr~11.67496	B1-5_92:4550:4700_len_150	100.000	150	0	0	1082	1231	1	150	4.90e-75	278
Sh202000352~NODE~225~covk~4.942677~covr~11.67496	B1-5_91:4500:4650_len_150	100.000	150	0	0	1032	1181	1	150	4.90e-75	278
Sh202000352~NODE~225~covk~4.942677~covr~11.67496	B1-5_90:4450:4600_len_150	100.000	150	0	0	982	1131	1	150	4.90e-75	278
Sh202000352~NODE~225~covk~4.942677~covr~11.67496	B1-5_89:4400:4550_len_150	100.000	150	0	0	932	1081	1	150	4.90e-75	278
Sh202000352~NODE~225~covk~4.942677~covr~11.67496	B1-5_88:4350:4500_len_150	100.000	150	0	0	882	1031	1	150	4.90e-75	278
Sh202000352~NODE~225~covk~4.942677~covr~11.67496	B1-5_87:4300:4450_len_150	100.000	150	0	0	832	981	1	150	4.90e-75	278
Sh202000352~NODE~225~covk~4.942677~covr~11.67496	B1-5_86:4250:4400_len_150	100.000	150	0	0	782	931	1	150	4.90e-75	278
Sh202000352~NODE~225~covk~4.942677~covr~11.67496	B1-5_85:4200:4350_len_150	100.000	150	0	0	732	881	1	150	4.90e-75	278
Sh202000352~NODE~225~covk~4.942677~covr~11.67496	B1-5_84:4150:4300_len_150	100.000	150	0	0	682	831	1	150	4.90e-75	278
Sh202000352~NODE~225~covk~4.942677~covr~11.67496	B1-5_83:4100:4250_len_150	100.000	150	0	0	632	781	1	150	4.90e-75	278
Sh202000352~NODE~225~covk~4.942677~covr~11.67496	B1-5_82:4050:4200_len_150	100.000	150	0	0	582	731	1	150	4.90e-75	278
Sh202000352~NODE~225~covk~4.942677~covr~11.67496	B1-5_81:4000:4150_len_150	100.000	150	0	0	532	681	1	150	4.90e-75	278
Sh202000352~NODE~225~covk~4.942677~covr~11.67496	B1-5_80:3950:4100_len_150	100.000	150	0	0	482	631	1	150	4.90e-75	278
Sh202000352~NODE~225~covk~4.942677~covr~11.67496	B1-5_79:3900:4050_len_150	100.000	150	0	0	432	581	1	150	4.90e-75	278
Sh202000352~NODE~225~covk~4.942677~covr~11.67496	B1-5_78:3850:4000_len_150	100.000	150	0	0	382	531	1	150	4.90e-75	278
Sh202000352~NODE~225~covk~4.942677~covr~11.67496	B1-5_77:3800:3950_len_150	100.000	150	0	0	332	481	1	150	4.90e-75	278
Sh202000352~NODE~225~covk~4.942677~covr~11.67496	B1-5_76:3750:3900_len_150	100.000	150	0	0	282	431	1	150	4.90e-75	278
Sh202000352~NODE~225~covk~4.942677~covr~11.67496	B1-5_72:3550:3700_len_150	100.000	150	0	0	82	231	1	150	4.90e-75	278
Sh202000352~NODE~225~covk~4.942677~covr~11.67496	B1-5_71:3500:3650_len_150	100.000	150	0	0	32	181	1	150	4.90e-75	278
Sh202000352~NODE~225~covk~4.942677~covr~11.67496	B1-5_75:3700:3850_len_150	99.333	150	1	0	232	381	1	150	2.28e-73	272
Sh202000352~NODE~225~covk~4.942677~covr~11.67496	B1-5_74:3650:3800_len_150	99.333	150	1	0	182	331	1	150	2.28e-73	272
Sh202000352~NODE~225~covk~4.942677~covr~11.67496	B1-5_73:3600:3750_len_150	99.333	150	1	0	132	281	1	150	2.28e-73	272
Sh202000352~NODE~345~covk~4.981938~covr~10.56560	B1-5_66:3250:3400_len_150	100.000	150	0	0	4	153	150	1	1.08e-75	278
Sh202000352~NODE~345~covk~4.981938~covr~10.56560	B1-5_65:3200:3350_len_150	100.000	150	0	0	54	203	150	1	1.08e-75	278
Sh202000352~NODE~345~covk~4.981938~covr~10.56560	B1-5_64:3150:3300_len_150	100.000	150	0	0	104	253	150	1	1.08e-75	278
Sh202000352~NODE~345~covk~4.981938~covr~10.56560	B1-5_63:3100:3250_len_150	100.000	150	0	0	154	303	150	1	1.08e-75	278
Sh202000352~NODE~345~covk~4.981938~covr~10.56560	B1-5_62:3050:3200_len_150	100.000	150	0	0	204	353	150	1	1.08e-75	278
Sh202000352~NODE~345~covk~4.981938~covr~10.56560	B1-5_61:3000:3150_len_150	100.000	150	0	0	254	403	150	1	1.08e-75	278
Sh202000352~NODE~345~covk~4.981938~covr~10.56560	B1-5_60:2950:3100_len_150	100.000	150	0	0	304	453	150	1	1.08e-75	278
Sh202000352~NODE~345~covk~4.981938~covr~10.56560	B1-5_59:2900:3050_len_150	100.000	150	0	0	354	503	150	1	1.08e-75	278
Sh202000352~NODE~345~covk~4.981938~covr~10.56560	B1-5_58:2850:3000_len_150	100.000	150	0	0	404	553	150	1	1.08e-75	278
Sh202000352~NODE~345~covk~4.981938~covr~10.56560	B1-5_57:2800:2950_len_150	100.000	150	0	0	454	603	150	1	1.08e-75	278
Sh202000352~NODE~345~covk~4.981938~covr~10.56560	B1-5_56:2750:2900_len_150	100.000	150	0	0	504	653	150	1	1.08e-75	278
