Sh202008645~NODE~15~covk~39.929200~covr~85.30226	flic_ShH57(ShH3cplx)_len_1707	99.941	1707	1	0	21387	23093	1707	1	0.0	3147
Sh202008645~NODE~15~covk~39.929200~covr~85.30226	flic_ShH51(ShH3cplx)_len_1707	99.883	1707	2	0	21387	23093	1707	1	0.0	3142
Sh202008645~NODE~15~covk~39.929200~covr~85.30226	flic_ShH15(ShH3cplx)_len_1707	99.824	1707	3	0	21387	23093	1707	1	0.0	3136
Sh202008645~NODE~15~covk~39.929200~covr~85.30226	flic_ShH16(ShH3cplx)_len_1707	99.766	1707	4	0	21387	23093	1707	1	0.0	3131
Sh202008645~NODE~15~covk~39.929200~covr~85.30226	flic_ShH37(ShH3cplx)_len_1707	99.766	1707	4	0	21387	23093	1707	1	0.0	3131
Sh202008645~NODE~15~covk~39.929200~covr~85.30226	flic_ShH27(ShH3cplx)_len_1707	99.766	1707	4	0	21387	23093	1707	1	0.0	3131
Sh202008645~NODE~15~covk~39.929200~covr~85.30226	flic_ShH26(ShH3cplx)_len_1707	99.649	1707	6	0	21387	23093	1707	1	0.0	3120
Sh202008645~NODE~15~covk~39.929200~covr~85.30226	flic_ShH23(ShH3cplx)_len_1707	99.590	1707	7	0	21387	23093	1707	1	0.0	3114
Sh202008645~NODE~15~covk~39.929200~covr~85.30226	flic_ShH19(ShH3cplx)_len_1707	99.590	1707	7	0	21387	23093	1707	1	0.0	3114
Sh202008645~NODE~15~covk~39.929200~covr~85.30226	flic_ShH18(ShH3cplx)_len_1707	99.590	1707	7	0	21387	23093	1707	1	0.0	3114
Sh202008645~NODE~15~covk~39.929200~covr~85.30226	flic_ShH75(ShH3cplx)_len_1707	99.531	1707	8	0	21387	23093	1707	1	0.0	3109
Sh202008645~NODE~15~covk~39.929200~covr~85.30226	flic_ShH17(ShH3cplx)_len_1707	99.531	1707	8	0	21387	23093	1707	1	0.0	3109
Sh202008645~NODE~15~covk~39.929200~covr~85.30226	flic_ShH22(ShH3cplx)_len_1707	99.473	1707	9	0	21387	23093	1707	1	0.0	3103
Sh202008645~NODE~15~covk~39.929200~covr~85.30226	flic_ShH76(ShH3cplx)_len_1707	99.414	1707	10	0	21387	23093	1707	1	0.0	3097
Sh202008645~NODE~15~covk~39.929200~covr~85.30226	flic_ShH14(ShH3cplx)_len_1714	99.300	1714	5	1	21387	23093	1714	1	0.0	3092
