Sh202008645~NODE~100~covk~44.658309~covr~94.72842	ipaH_13:v2:600:750_len_150	100.000	150	0	0	184	333	1	150	4.88e-77	278
Sh202008645~NODE~100~covk~44.658309~covr~94.72842	ipaH_12:v2:550:700_len_150	99.333	150	1	0	134	283	1	150	2.27e-75	272
Sh202008645~NODE~100~covk~44.658309~covr~94.72842	ipaH_11:v2:500:650_len_150	99.333	150	1	0	84	233	1	150	2.27e-75	272
Sh202008645~NODE~100~covk~44.658309~covr~94.72842	ipaH_10:v2:450:600_len_150	99.333	150	1	0	34	183	1	150	2.27e-75	272
Sh202008645~NODE~327~covk~39.532319~covr~74.48431	ipaH_11:v2:500:650_len_150	98.667	150	2	0	1425	1574	150	1	1.19e-74	267
Sh202008645~NODE~327~covk~39.532319~covr~74.48431	ipaH_10:v2:450:600_len_150	98.667	150	2	0	1475	1624	150	1	1.19e-74	267
Sh202008645~NODE~327~covk~39.532319~covr~74.48431	ipaH_13:v2:600:750_len_150	98.000	150	3	0	1325	1474	150	1	5.55e-73	261
Sh202008645~NODE~327~covk~39.532319~covr~74.48431	ipaH_12:v2:550:700_len_150	98.000	150	3	0	1375	1524	150	1	5.55e-73	261
Sh202008645~NODE~485~covk~103.916996~covr~141.48494	ipaH_3:v2:100:250_len_150	100.000	150	0	0	98	247	1	150	1.09e-78	278
Sh202008645~NODE~485~covk~103.916996~covr~141.48494	ipaH_2:v2:50:200_len_150	100.000	150	0	0	48	197	1	150	1.09e-78	278
Sh202008645~NODE~485~covk~103.916996~covr~141.48494	ipaH_4:v2:150:300_len_150	99.333	150	1	0	148	297	1	150	5.07e-77	272
Sh202008645~NODE~485~covk~103.916996~covr~141.48494	ipaH_1:v2:0:150_len_150	100.000	147	0	0	1	147	4	150	5.07e-77	272
Sh202008645~NODE~595~covk~68.149068~covr~82.82083	ipaH_7:v2:300:450_len_150	99.333	150	1	0	45	194	1	150	3.61e-77	272
Sh202008645~NODE~595~covk~68.149068~covr~82.82083	ipaH_8:v2:350:500_len_150	100.000	146	0	0	95	240	1	146	1.30e-76	270
Sh202008645~NODE~595~covk~68.149068~covr~82.82083	ipaH_6:v2:250:400_len_150	98.611	144	2	0	1	144	7	150	3.64e-72	255
