Sh202008645~NODE~1~covk~40.714811~covr~86.25064	C2_164:8150:8300_len_150	100.000	150	0	0	81646	81795	150	1	1.27e-73	278
Sh202008645~NODE~1~covk~40.714811~covr~86.25064	C2_163:8100:8250_len_150	100.000	150	0	0	81696	81845	150	1	1.27e-73	278
Sh202008645~NODE~1~covk~40.714811~covr~86.25064	C2_162:8050:8200_len_150	100.000	150	0	0	81746	81895	150	1	1.27e-73	278
Sh202008645~NODE~1~covk~40.714811~covr~86.25064	C2_161:8000:8150_len_150	100.000	150	0	0	81796	81945	150	1	1.27e-73	278
Sh202008645~NODE~1~covk~40.714811~covr~86.25064	C2_160:7950:8100_len_150	100.000	150	0	0	81846	81995	150	1	1.27e-73	278
Sh202008645~NODE~77~covk~34.158256~covr~72.30036	C2_1:0:150_len_150	100.000	150	0	0	17833	17982	1	150	2.82e-74	278
Sh202008645~NODE~336~covk~1.541818~covr~4.15268	C2_151:7500:7650_len_150	100.000	150	0	0	84	233	150	1	2.30e-75	278
Sh202008645~NODE~336~covk~1.541818~covr~4.15268	C2_150:7450:7600_len_150	100.000	150	0	0	134	283	150	1	2.30e-75	278
Sh202008645~NODE~336~covk~1.541818~covr~4.15268	C2_149:7400:7550_len_150	100.000	150	0	0	184	333	150	1	2.30e-75	278
Sh202008645~NODE~336~covk~1.541818~covr~4.15268	C2_148:7350:7500_len_150	100.000	150	0	0	234	383	150	1	2.30e-75	278
Sh202008645~NODE~336~covk~1.541818~covr~4.15268	C2_147:7300:7450_len_150	100.000	150	0	0	284	433	150	1	2.30e-75	278
Sh202008645~NODE~336~covk~1.541818~covr~4.15268	C2_146:7250:7400_len_150	100.000	150	0	0	334	483	150	1	2.30e-75	278
Sh202008645~NODE~336~covk~1.541818~covr~4.15268	C2_145:7200:7350_len_150	100.000	150	0	0	384	533	150	1	2.30e-75	278
Sh202008645~NODE~336~covk~1.541818~covr~4.15268	C2_144:7150:7300_len_150	100.000	150	0	0	434	583	150	1	2.30e-75	278
Sh202008645~NODE~336~covk~1.541818~covr~4.15268	C2_143:7100:7250_len_150	100.000	150	0	0	484	633	150	1	2.30e-75	278
Sh202008645~NODE~336~covk~1.541818~covr~4.15268	C2_142:7050:7200_len_150	100.000	150	0	0	534	683	150	1	2.30e-75	278
Sh202008645~NODE~336~covk~1.541818~covr~4.15268	C2_141:7000:7150_len_150	100.000	150	0	0	584	733	150	1	2.30e-75	278
Sh202008645~NODE~336~covk~1.541818~covr~4.15268	C2_140:6950:7100_len_150	100.000	150	0	0	634	783	150	1	2.30e-75	278
Sh202008645~NODE~336~covk~1.541818~covr~4.15268	C2_139:6900:7050_len_150	100.000	150	0	0	684	833	150	1	2.30e-75	278
Sh202008645~NODE~336~covk~1.541818~covr~4.15268	C2_138:6850:7000_len_150	100.000	150	0	0	734	883	150	1	2.30e-75	278
Sh202008645~NODE~336~covk~1.541818~covr~4.15268	C2_137:6800:6950_len_150	100.000	150	0	0	784	933	150	1	2.30e-75	278
Sh202008645~NODE~336~covk~1.541818~covr~4.15268	C2_136:6750:6900_len_150	100.000	150	0	0	834	983	150	1	2.30e-75	278
Sh202008645~NODE~336~covk~1.541818~covr~4.15268	C2_135:6700:6850_len_150	100.000	150	0	0	884	1033	150	1	2.30e-75	278
Sh202008645~NODE~336~covk~1.541818~covr~4.15268	C2_134:6650:6800_len_150	100.000	150	0	0	934	1083	150	1	2.30e-75	278
Sh202008645~NODE~336~covk~1.541818~covr~4.15268	C2_133:6600:6750_len_150	100.000	150	0	0	984	1133	150	1	2.30e-75	278
Sh202008645~NODE~336~covk~1.541818~covr~4.15268	C2_132:6550:6700_len_150	100.000	150	0	0	1034	1183	150	1	2.30e-75	278
Sh202008645~NODE~336~covk~1.541818~covr~4.15268	C2_131:6500:6650_len_150	100.000	150	0	0	1084	1233	150	1	2.30e-75	278
Sh202008645~NODE~336~covk~1.541818~covr~4.15268	C2_130:6450:6600_len_150	100.000	150	0	0	1134	1283	150	1	2.30e-75	278
Sh202008645~NODE~336~covk~1.541818~covr~4.15268	C2_129:6400:6550_len_150	100.000	150	0	0	1184	1333	150	1	2.30e-75	278
Sh202008645~NODE~336~covk~1.541818~covr~4.15268	C2_128:6350:6500_len_150	100.000	150	0	0	1234	1383	150	1	2.30e-75	278
Sh202008645~NODE~336~covk~1.541818~covr~4.15268	C2_127:6300:6450_len_150	100.000	150	0	0	1284	1433	150	1	2.30e-75	278
Sh202008645~NODE~392~covk~5.767503~covr~13.34211	C2_49:2400:2550_len_150	100.000	150	0	0	8	157	150	1	1.32e-75	278
Sh202008645~NODE~392~covk~5.767503~covr~13.34211	C2_48:2350:2500_len_150	100.000	150	0	0	58	207	150	1	1.32e-75	278
Sh202008645~NODE~392~covk~5.767503~covr~13.34211	C2_47:2300:2450_len_150	100.000	150	0	0	108	257	150	1	1.32e-75	278
Sh202008645~NODE~392~covk~5.767503~covr~13.34211	C2_46:2250:2400_len_150	100.000	150	0	0	158	307	150	1	1.32e-75	278
Sh202008645~NODE~392~covk~5.767503~covr~13.34211	C2_45:2200:2350_len_150	100.000	150	0	0	208	357	150	1	1.32e-75	278
Sh202008645~NODE~392~covk~5.767503~covr~13.34211	C2_44:2150:2300_len_150	100.000	150	0	0	258	407	150	1	1.32e-75	278
Sh202008645~NODE~392~covk~5.767503~covr~13.34211	C2_43:2100:2250_len_150	100.000	150	0	0	308	457	150	1	1.32e-75	278
Sh202008645~NODE~392~covk~5.767503~covr~13.34211	C2_42:2050:2200_len_150	100.000	150	0	0	358	507	150	1	1.32e-75	278
Sh202008645~NODE~392~covk~5.767503~covr~13.34211	C2_41:2000:2150_len_150	100.000	150	0	0	408	557	150	1	1.32e-75	278
Sh202008645~NODE~392~covk~5.767503~covr~13.34211	C2_40:1950:2100_len_150	100.000	150	0	0	458	607	150	1	1.32e-75	278
Sh202008645~NODE~392~covk~5.767503~covr~13.34211	C2_39:1900:2050_len_150	100.000	150	0	0	508	657	150	1	1.32e-75	278
Sh202008645~NODE~392~covk~5.767503~covr~13.34211	C2_38:1850:2000_len_150	100.000	150	0	0	558	707	150	1	1.32e-75	278
Sh202008645~NODE~392~covk~5.767503~covr~13.34211	C2_37:1800:1950_len_150	100.000	150	0	0	608	757	150	1	1.32e-75	278
Sh202008645~NODE~392~covk~5.767503~covr~13.34211	C2_36:1750:1900_len_150	100.000	150	0	0	658	807	150	1	1.32e-75	278
Sh202008645~NODE~397~covk~2.629471~covr~7.17866	C2_32:1550:1700_len_150	100.000	150	0	0	25	174	150	1	1.23e-75	278
Sh202008645~NODE~397~covk~2.629471~covr~7.17866	C2_31:1500:1650_len_150	100.000	150	0	0	75	224	150	1	1.23e-75	278
Sh202008645~NODE~397~covk~2.629471~covr~7.17866	C2_30:1450:1600_len_150	100.000	150	0	0	125	274	150	1	1.23e-75	278
Sh202008645~NODE~397~covk~2.629471~covr~7.17866	C2_29:1400:1550_len_150	100.000	150	0	0	175	324	150	1	1.23e-75	278
Sh202008645~NODE~397~covk~2.629471~covr~7.17866	C2_28:1350:1500_len_150	100.000	150	0	0	225	374	150	1	1.23e-75	278
Sh202008645~NODE~397~covk~2.629471~covr~7.17866	C2_27:1300:1450_len_150	100.000	150	0	0	275	424	150	1	1.23e-75	278
Sh202008645~NODE~397~covk~2.629471~covr~7.17866	C2_26:1250:1400_len_150	100.000	150	0	0	325	474	150	1	1.23e-75	278
Sh202008645~NODE~397~covk~2.629471~covr~7.17866	C2_25:1200:1350_len_150	100.000	150	0	0	375	524	150	1	1.23e-75	278
Sh202008645~NODE~397~covk~2.629471~covr~7.17866	C2_24:1150:1300_len_150	100.000	150	0	0	425	574	150	1	1.23e-75	278
Sh202008645~NODE~397~covk~2.629471~covr~7.17866	C2_23:1100:1250_len_150	100.000	150	0	0	475	624	150	1	1.23e-75	278
Sh202008645~NODE~397~covk~2.629471~covr~7.17866	C2_22:1050:1200_len_150	99.333	150	1	0	525	674	150	1	5.71e-74	272
Sh202008645~NODE~397~covk~2.629471~covr~7.17866	C2_21:1000:1150_len_150	99.333	150	1	0	575	724	150	1	5.71e-74	272
Sh202008645~NODE~397~covk~2.629471~covr~7.17866	C2_20:950:1100_len_150	99.333	150	1	0	625	774	150	1	5.71e-74	272
Sh202008645~NODE~406~covk~2.223301~covr~5.03156	C2_73:3600:3750_len_150	100.000	150	0	0	15	164	150	1	1.10e-75	278
Sh202008645~NODE~406~covk~2.223301~covr~5.03156	C2_72:3550:3700_len_150	100.000	150	0	0	65	214	150	1	1.10e-75	278
Sh202008645~NODE~406~covk~2.223301~covr~5.03156	C2_71:3500:3650_len_150	100.000	150	0	0	115	264	150	1	1.10e-75	278
Sh202008645~NODE~406~covk~2.223301~covr~5.03156	C2_70:3450:3600_len_150	100.000	150	0	0	165	314	150	1	1.10e-75	278
Sh202008645~NODE~406~covk~2.223301~covr~5.03156	C2_69:3400:3550_len_150	100.000	150	0	0	215	364	150	1	1.10e-75	278
Sh202008645~NODE~406~covk~2.223301~covr~5.03156	C2_68:3350:3500_len_150	100.000	150	0	0	265	414	150	1	1.10e-75	278
Sh202008645~NODE~406~covk~2.223301~covr~5.03156	C2_67:3300:3450_len_150	100.000	150	0	0	315	464	150	1	1.10e-75	278
Sh202008645~NODE~406~covk~2.223301~covr~5.03156	C2_66:3250:3400_len_150	100.000	150	0	0	365	514	150	1	1.10e-75	278
Sh202008645~NODE~406~covk~2.223301~covr~5.03156	C2_65:3200:3350_len_150	100.000	150	0	0	415	564	150	1	1.10e-75	278
Sh202008645~NODE~406~covk~2.223301~covr~5.03156	C2_64:3150:3300_len_150	100.000	150	0	0	465	614	150	1	1.10e-75	278
Sh202008645~NODE~406~covk~2.223301~covr~5.03156	C2_63:3100:3250_len_150	100.000	150	0	0	515	664	150	1	1.10e-75	278
Sh202008645~NODE~439~covk~1.272727~covr~2.75050	C2_102:5050:5200_len_150	100.000	150	0	0	50	199	150	1	7.73e-76	278
Sh202008645~NODE~439~covk~1.272727~covr~2.75050	C2_97:4800:4950_len_150	100.000	150	0	0	300	449	150	1	7.73e-76	278
Sh202008645~NODE~439~covk~1.272727~covr~2.75050	C2_103:5100:5250_len_150	100.000	149	0	0	1	149	149	1	2.78e-75	276
Sh202008645~NODE~439~covk~1.272727~covr~2.75050	C2_96:4750:4900_len_150	100.000	148	0	0	350	497	150	3	9.99e-75	274
Sh202008645~NODE~453~covk~3.298592~covr~7.80184	C2_14:650:800_len_150	100.000	150	0	0	38	187	150	1	6.70e-76	278
Sh202008645~NODE~453~covk~3.298592~covr~7.80184	C2_13:600:750_len_150	100.000	150	0	0	88	237	150	1	6.70e-76	278
Sh202008645~NODE~453~covk~3.298592~covr~7.80184	C2_12:550:700_len_150	100.000	150	0	0	138	287	150	1	6.70e-76	278
Sh202008645~NODE~453~covk~3.298592~covr~7.80184	C2_11:500:650_len_150	100.000	150	0	0	188	337	150	1	6.70e-76	278
Sh202008645~NODE~453~covk~3.298592~covr~7.80184	C2_10:450:600_len_150	100.000	150	0	0	238	387	150	1	6.70e-76	278
Sh202008645~NODE~453~covk~3.298592~covr~7.80184	C2_9:400:550_len_150	100.000	147	0	0	288	434	150	4	3.12e-74	272
